<?xml version="1.0" encoding="utf-8"?>
<COLLADA xmlns="http://www.collada.org/2005/11/COLLADASchema" version="1.4.1">
  <asset>
    <contributor>
      <author>Mixamo</author>
      <authoring_tool>COLLADA Mixamo exporter</authoring_tool>
      <comments/>
    </contributor>
    <created>2023-11-28T11:47:14Z</created>
    <modified>2023-11-28T11:47:14Z</modified>
    <revision/>
    <title/>
    <unit meter="0.010000"/>
    <up_axis>Y_UP</up_axis>
  </asset>
  <library_animations>
    <animation id="mixamorig_Hips-anim" name="mixamorig_Hips">
      <source id="mixamorig_Hips-Matrix-animation-input">
        <float_array id="mixamorig_Hips-Matrix-animation-input-array" count="56">

0.000000 0.033333 0.066667 0.100000 0.133333 0.166667 0.200000 0.233333 0.266667 0.300000 0.333333 0.366667 0.400000 0.433333 0.466667 0.500000
0.533333 0.566667 0.600000 0.633333 0.666667 0.700000 0.733333 0.766667 0.800000 0.833333 0.866667 0.900000 0.933333 0.966667 1.000000 1.033333
1.066667 1.100000 1.133333 1.166667 1.200000 1.233333 1.266667 1.300000 1.333333 1.366667 1.400000 1.433333 1.466667 1.500000 1.533333 1.566667
1.600000 1.633333 1.666667 1.700000 1.733333 1.766667 1.800000 1.833333</float_array>
        <technique_common>
          <accessor source="#mixamorig_Hips-Matrix-animation-input-array" count="56">
            <param name="TIME" type="float"/>
          </accessor>
        </technique_common>
      </source>
      <source id="mixamorig_Hips-Matrix-animation-output-transform">
        <float_array id="mixamorig_Hips-Matrix-animation-output-transform-array" count="896">

0.569120 0.029789 -0.821715 5.976964 0.035720 0.997504 0.060902 89.048630 0.821478 -0.064012 0.566636 3.295340 0.000000 0.000000 0.000000 1.000000
0.605680 0.021424 -0.795420 6.123111 0.039647 0.997583 0.057058 88.609360 0.794720 -0.066095 0.603367 3.319263 0.000000 0.000000 0.000000 1.000000
0.638821 0.019979 -0.769096 6.163660 0.045875 0.996895 0.064001 87.982468 0.767986 -0.076167 0.635921 3.453590 0.000000 0.000000 0.000000 1.000000
0.655024 0.030104 -0.755008 5.947303 0.052915 0.994925 0.085578 87.229538 0.753753 -0.096007 0.650107 3.673765 0.000000 0.000000 0.000000 1.000000
0.645711 0.052890 -0.761748 5.282764 0.059028 0.991155 0.118855 86.507187 0.761297 -0.121711 0.636878 3.943430 0.000000 0.000000 0.000000 1.000000
0.608948 0.086267 -0.788505 4.049268 0.059889 0.986231 0.154151 86.076546 0.790946 -0.141092 0.595397 4.262926 0.000000 0.000000 0.000000 1.000000
0.543330 0.126707 -0.829902 2.253501 0.047933 0.982250 0.181349 86.145393 0.838150 -0.138312 0.527613 4.621348 0.000000 0.000000 0.000000 1.000000
0.442196 0.168826 -0.880886 0.024161 0.022153 0.979770 0.198898 86.649483 0.896645 -0.107466 0.429510 4.886418 0.000000 0.000000 0.000000 1.000000
0.300412 0.204615 -0.931604 -2.398533 -0.006341 0.977126 0.212569 87.253571 0.953788 -0.057951 0.294838 4.810813 0.000000 0.000000 0.000000 1.000000
0.132894 0.228829 -0.964353 -4.666223 -0.027309 0.973459 0.227226 87.607727 0.990754 -0.003862 0.135616 4.173151 0.000000 0.000000 0.000000 1.000000
-0.019457 0.244639 -0.969419 -6.531850 -0.046647 0.968325 0.245299 87.859726 0.998722 0.049994 -0.007429 2.857990 0.000000 0.000000 0.000000 1.000000
-0.116717 0.254000 -0.960136 -7.424961 -0.086867 0.960428 0.264637 87.864616 0.989359 0.114292 -0.090034 1.419433 0.000000 0.000000 0.000000 1.000000
-0.152629 0.253748 -0.955152 -7.497032 -0.147270 0.949846 0.275872 87.891052 0.977249 0.182771 -0.107605 -0.044425 0.000000 0.000000 0.000000 1.000000
-0.150807 0.244926 -0.957741 -7.024808 -0.208447 0.939161 0.272997 87.876877 0.966337 0.240808 -0.090578 -1.525181 0.000000 0.000000 0.000000 1.000000
-0.139212 0.227305 -0.963822 -6.273329 -0.256713 0.931742 0.256819 87.818130 0.956409 0.283178 -0.071358 -2.948764 0.000000 0.000000 0.000000 1.000000
-0.130148 0.193849 -0.972360 -5.368314 -0.293923 0.929076 0.224561 87.816292 0.946927 0.315025 -0.063941 -4.171985 0.000000 0.000000 0.000000 1.000000
-0.116196 0.135503 -0.983940 -4.264501 -0.326043 0.930549 0.166654 87.946098 0.938187 0.340172 -0.063946 -5.157748 0.000000 0.000000 0.000000 1.000000
-0.081411 0.057733 -0.995007 -2.909197 -0.354618 0.931315 0.083052 88.113167 0.931460 0.359609 -0.055346 -6.042296 0.000000 0.000000 0.000000 1.000000
-0.014992 -0.015183 -0.999772 -1.332874 -0.374465 0.927202 -0.008466 88.058044 0.927120 0.374253 -0.019586 -6.891224 0.000000 0.000000 0.000000 1.000000
0.076735 -0.062380 -0.995098 0.503212 -0.377900 0.921757 -0.086924 87.370049 0.922661 0.382718 0.047158 -7.398607 0.000000 0.000000 0.000000 1.000000
0.170336 -0.083027 -0.981882 2.456559 -0.360667 0.922046 -0.140535 86.211929 0.917009 0.378071 0.127112 -7.524377 0.000000 0.000000 0.000000 1.000000
0.251334 -0.090758 -0.963636 4.369879 -0.330298 0.927788 -0.173529 84.991081 0.909799 0.361901 0.203208 -7.491724 0.000000 0.000000 0.000000 1.000000
0.329003 -0.096401 -0.939395 6.120770 -0.296092 0.934081 -0.199555 83.910980 0.896709 0.343802 0.278772 -7.402089 0.000000 0.000000 0.000000 1.000000
0.411532 -0.107310 -0.905056 7.475444 -0.255385 0.939683 -0.227540 83.376259 0.874883 0.324778 0.359304 -7.332497 0.000000 0.000000 0.000000 1.000000
0.482026 -0.135581 -0.865603 8.346503 -0.205673 0.942838 -0.262211 83.501457 0.851675 0.304424 0.426587 -7.223143 0.000000 0.000000 0.000000 1.000000
0.520350 -0.186034 -0.833443 8.779007 -0.157508 0.938328 -0.307784 83.946495 0.839301 0.291429 0.458958 -7.084514 0.000000 0.000000 0.000000 1.000000
0.532408 -0.243027 -0.810851 8.946842 -0.120757 0.926298 -0.356918 84.393936 0.837830 0.287942 0.463821 -6.941875 0.000000 0.000000 0.000000 1.000000
0.539879 -0.283921 -0.792414 9.037023 -0.094399 0.915036 -0.392171 84.813843 0.836433 0.286528 0.467206 -6.724999 0.000000 0.000000 0.000000 1.000000
0.551104 -0.296163 -0.780110 9.089074 -0.077627 0.912643 -0.401318 85.221863 0.830818 0.281726 0.479971 -6.416572 0.000000 0.000000 0.000000 1.000000
0.558730 -0.281599 -0.780078 9.010958 -0.072901 0.920274 -0.384423 85.476097 0.826139 0.271657 0.493656 -6.118830 0.000000 0.000000 0.000000 1.000000
0.557964 -0.248813 -0.791687 8.756090 -0.078561 0.933873 -0.348868 85.507675 0.826138 0.256852 0.501521 -5.851045 0.000000 0.000000 0.000000 1.000000
0.554424 -0.205534 -0.806455 8.379109 -0.087696 0.949201 -0.302204 85.423386 0.827601 0.238272 0.508235 -5.530741 0.000000 0.000000 0.000000 1.000000
0.557565 -0.160478 -0.814474 7.971886 -0.092371 0.963050 -0.252987 85.412224 0.824978 0.216290 0.522139 -5.105395 0.000000 0.000000 0.000000 1.000000
0.569818 -0.125796 -0.812086 7.594626 -0.086775 0.973478 -0.211685 85.605385 0.817177 0.191091 0.543789 -4.602078 0.000000 0.000000 0.000000 1.000000
0.583271 -0.104761 -0.805494 7.221958 -0.066786 0.982106 -0.176091 86.091866 0.809528 0.156504 0.565837 -3.792708 0.000000 0.000000 0.000000 1.000000
0.590864 -0.094630 -0.801202 6.896748 -0.040338 0.988390 -0.146486 86.667656 0.805762 0.118872 0.580187 -2.869711 0.000000 0.000000 0.000000 1.000000
0.593994 -0.085945 -0.799865 6.622214 -0.014333 0.992988 -0.117340 87.184517 0.804342 0.081164 0.588597 -1.936491 0.000000 0.000000 0.000000 1.000000
0.597251 -0.075364 -0.798506 6.370300 0.009818 0.996188 -0.086678 87.601456 0.801994 0.043928 0.595714 -1.034583 0.000000 0.000000 0.000000 1.000000
0.601441 -0.065273 -0.796246 6.113955 0.031739 0.997822 -0.057824 87.932343 0.798287 0.009505 0.602203 -0.217803 0.000000 0.000000 0.000000 1.000000
0.604320 -0.054191 -0.794897 5.856919 0.047968 0.998349 -0.031593 88.227844 0.795297 -0.019037 0.605921 0.512553 0.000000 0.000000 0.000000 1.000000
0.605112 -0.037551 -0.795254 5.625554 0.054559 0.998495 -0.005634 88.508324 0.794268 -0.039979 0.606250 1.167500 0.000000 0.000000 0.000000 1.000000
0.605128 -0.016343 -0.795960 5.436619 0.052819 0.998411 0.019656 88.743195 0.794374 -0.053936 0.605029 1.728541 0.000000 0.000000 0.000000 1.000000
0.605239 0.002101 -0.796041 5.289766 0.048362 0.998052 0.039405 88.908997 0.794573 -0.062347 0.603959 2.184807 0.000000 0.000000 0.000000 1.000000
0.604759 0.012624 -0.796309 5.188666 0.045080 0.997729 0.050053 89.021194 0.795132 -0.066168 0.602816 2.553108 0.000000 0.000000 0.000000 1.000000
0.602755 0.017244 -0.797740 5.151948 0.042930 0.997618 0.054002 89.098969 0.796771 -0.066797 0.600578 2.845788 0.000000 0.000000 0.000000 1.000000
0.599340 0.020530 -0.800232 5.191252 0.040654 0.997600 0.056042 89.145493 0.799462 -0.066121 0.597067 3.058283 0.000000 0.000000 0.000000 1.000000
0.595454 0.023983 -0.803031 5.290045 0.038231 0.997576 0.058143 89.161224 0.802479 -0.065322 0.593094 3.196403 0.000000 0.000000 0.000000 1.000000
0.592085 0.026617 -0.805436 5.414388 0.036357 0.997554 0.059692 89.158684 0.805055 -0.064627 0.589669 3.287039 0.000000 0.000000 0.000000 1.000000
0.589688 0.028025 -0.807145 5.537240 0.035181 0.997558 0.060339 89.153679 0.806864 -0.063978 0.587262 3.353356 0.000000 0.000000 0.000000 1.000000
0.587991 0.029001 -0.808348 5.647243 0.034456 0.997552 0.060852 89.149231 0.808133 -0.063633 0.585552 3.398361 0.000000 0.000000 0.000000 1.000000
0.586313 0.030090 -0.809525 5.742956 0.034100 0.997507 0.061774 89.139938 0.809366 -0.063824 0.583826 3.419008 0.000000 0.000000 0.000000 1.000000
0.584320 0.030834 -0.810937 5.824624 0.034133 0.997460 0.062520 89.123886 0.810805 -0.064212 0.581784 3.419669 0.000000 0.000000 0.000000 1.000000
0.582254 0.030648 -0.812429 5.892142 0.034468 0.997460 0.062330 89.099297 0.812276 -0.064294 0.579719 3.406186 0.000000 0.000000 0.000000 1.000000
0.580457 0.029702 -0.813749 5.946703 0.034952 0.997505 0.061341 89.062424 0.813540 -0.064048 0.577970 3.379661 0.000000 0.000000 0.000000 1.000000
0.579136 0.028486 -0.814733 5.989168 0.035580 0.997554 0.060169 89.012390 0.814454 -0.063835 0.576706 3.340693 0.000000 0.000000 0.000000 1.000000
0.578374 0.027230 -0.815317 6.020851 0.036473 0.997580 0.059190 88.951874 0.814956 -0.063971 0.575981 3.291955 0.000000 0.000000 0.000000 1.000000</float_array>
        <technique_common>
          <accessor source="#mixamorig_Hips-Matrix-animation-output-transform-array" count="56" stride="16">
            <param type="float4x4"/>
          </accessor>
        </technique_common>
      </source>
      <source id="mixamorig_Hips-Interpolations">
        <Name_array id="mixamorig_Hips-Interpolations-array" count="56">
 LINEAR LINEAR LINEAR LINEAR LINEAR LINEAR LINEAR LINEAR LINEAR LINEAR LINEAR
LINEAR LINEAR LINEAR LINEAR LINEAR LINEAR LINEAR LINEAR LINEAR LINEAR LINEAR LINEAR
LINEAR LINEAR LINEAR LINEAR LINEAR LINEAR LINEAR LINEAR LINEAR LINEAR LINEAR LINEAR
LINEAR LINEAR LINEAR LINEAR LINEAR LINEAR LINEAR LINEAR LINEAR LINEAR LINEAR LINEAR
LINEAR LINEAR LINEAR LINEAR LINEAR LINEAR LINEAR LINEAR LINEAR</Name_array>
        <technique_common>
          <accessor source="#mixamorig_Hips-Interpolations-array" count="56">
            <param type="name"/>
          </accessor>
        </technique_common>
      </source>
      <sampler id="mixamorig_Hips-Matrix-animation-transform">
        <input semantic="INPUT" source="#mixamorig_Hips-Matrix-animation-input"/>
        <input semantic="OUTPUT" source="#mixamorig_Hips-Matrix-animation-output-transform"/>
        <input semantic="INTERPOLATION" source="#mixamorig_Hips-Interpolations"/>
      </sampler>
      <channel source="#mixamorig_Hips-Matrix-animation-transform" target="mixamorig_Hips/matrix"/>
    </animation>
    <animation id="mixamorig_Spine-anim" name="mixamorig_Spine">
      <source id="mixamorig_Spine-Matrix-animation-input">
        <float_array id="mixamorig_Spine-Matrix-animation-input-array" count="56">

0.000000 0.033333 0.066667 0.100000 0.133333 0.166667 0.200000 0.233333 0.266667 0.300000 0.333333 0.366667 0.400000 0.433333 0.466667 0.500000
0.533333 0.566667 0.600000 0.633333 0.666667 0.700000 0.733333 0.766667 0.800000 0.833333 0.866667 0.900000 0.933333 0.966667 1.000000 1.033333
1.066667 1.100000 1.133333 1.166667 1.200000 1.233333 1.266667 1.300000 1.333333 1.366667 1.400000 1.433333 1.466667 1.500000 1.533333 1.566667
1.600000 1.633333 1.666667 1.700000 1.733333 1.766667 1.800000 1.833333</float_array>
        <technique_common>
          <accessor source="#mixamorig_Spine-Matrix-animation-input-array" count="56">
            <param name="TIME" type="float"/>
          </accessor>
        </technique_common>
      </source>
      <source id="mixamorig_Spine-Matrix-animation-output-transform">
        <float_array id="mixamorig_Spine-Matrix-animation-output-transform-array" count="896">

0.999775 0.020076 0.006895 0.000000 -0.019522 0.997164 -0.072690 14.652500 -0.008335 0.072539 0.997331 0.432500 0.000000 0.000000 0.000000 1.000000
0.999842 0.016564 0.006467 0.000000 -0.016033 0.997064 -0.074876 14.652500 -0.007689 0.074760 0.997172 0.432500 0.000000 0.000000 0.000000 1.000000
0.999863 0.014284 0.008355 0.000000 -0.013577 0.996753 -0.079364 14.652500 -0.009462 0.079240 0.996811 0.432500 0.000000 0.000000 0.000000 1.000000
0.999787 0.015789 0.013320 0.000000 -0.014604 0.996293 -0.084781 14.652500 -0.014609 0.084569 0.996311 0.432500 0.000000 0.000000 0.000000 1.000000
0.999588 0.021873 0.018604 0.000000 -0.020201 0.996110 -0.085773 14.652500 -0.020407 0.085362 0.996141 0.432500 0.000000 0.000000 0.000000 1.000000
0.999279 0.031784 0.020772 0.000000 -0.030095 0.996569 -0.077102 14.652500 -0.023152 0.076421 0.996807 0.432500 0.000000 0.000000 0.000000 1.000000
0.998803 0.044516 0.020283 0.000000 -0.043239 0.997288 -0.059562 14.652500 -0.022880 0.058614 0.998019 0.432500 0.000000 0.000000 0.000000 1.000000
0.998050 0.059458 0.018981 0.000000 -0.058712 0.997562 -0.037711 14.652500 -0.021177 0.036523 0.999108 0.432500 0.000000 0.000000 0.000000 1.000000
0.997098 0.074371 0.016285 0.000000 -0.074140 0.997145 -0.014337 14.652500 -0.017305 0.013088 0.999765 0.432500 0.000000 0.000000 0.000000 1.000000
0.996206 0.085942 0.013677 0.000000 -0.086058 0.996257 0.008112 14.652500 -0.012928 -0.009258 0.999874 0.432500 0.000000 0.000000 0.000000 1.000000
0.995603 0.092668 0.013660 0.000000 -0.092972 0.995388 0.023632 14.652500 -0.011407 -0.024798 0.999627 0.432500 0.000000 0.000000 0.000000 1.000000
0.995872 0.090217 0.009960 0.000000 -0.090471 0.995477 0.028975 14.652500 -0.007301 -0.029756 0.999531 0.432500 0.000000 0.000000 0.000000 1.000000
0.996339 0.085490 0.000778 0.000000 -0.085480 0.995982 0.026717 14.652500 0.001509 -0.026686 0.999643 0.432500 0.000000 0.000000 0.000000 1.000000
0.996320 0.085172 -0.009625 -0.000000 -0.084945 0.996144 0.021931 14.652500 0.011455 -0.021033 0.999713 0.432500 0.000000 0.000000 0.000000 1.000000
0.995963 0.087847 -0.018478 0.000000 -0.087531 0.996012 0.017273 14.652500 0.019922 -0.015586 0.999680 0.432500 0.000000 0.000000 0.000000 1.000000
0.995579 0.090460 -0.025296 -0.000000 -0.090115 0.995826 0.014451 14.652500 0.026498 -0.012108 0.999576 0.432500 0.000000 0.000000 0.000000 1.000000
0.995085 0.093899 -0.031459 0.000000 -0.093504 0.995523 0.013785 14.652500 0.032613 -0.010776 0.999410 0.432500 0.000000 0.000000 0.000000 1.000000
0.994221 0.100122 -0.038731 0.000000 -0.099702 0.994937 0.012616 14.652500 0.039798 -0.008681 0.999170 0.432500 0.000000 0.000000 0.000000 1.000000
0.992980 0.108212 -0.047761 0.000000 -0.108112 0.994128 0.004668 14.652500 0.047985 0.000528 0.998848 0.432500 0.000000 0.000000 0.000000 1.000000
0.992137 0.112032 -0.055794 0.000000 -0.113075 0.993460 -0.015885 14.652500 0.053649 0.022069 0.998316 0.432500 0.000000 0.000000 0.000000 1.000000
0.992188 0.110758 -0.057406 0.000000 -0.113600 0.992324 -0.048859 14.652500 0.051554 0.054998 0.997155 0.432500 0.000000 0.000000 0.000000 1.000000
0.992844 0.106590 -0.053843 0.000000 -0.111022 0.989966 -0.087415 14.652500 0.043985 0.092767 0.994716 0.432500 0.000000 0.000000 0.000000 1.000000
0.993832 0.098249 -0.051423 -0.000000 -0.103954 0.986879 -0.123549 14.652500 0.038609 0.128132 0.991005 0.432500 0.000000 0.000000 0.000000 1.000000
0.995169 0.083336 -0.051904 0.000000 -0.090365 0.984176 -0.152418 14.652500 0.038381 0.156372 0.986952 0.432500 0.000000 0.000000 0.000000 1.000000
0.996491 0.066514 -0.050816 0.000000 -0.074274 0.982574 -0.170386 14.652500 0.038597 0.173562 0.984066 0.432500 0.000000 0.000000 0.000000 1.000000
0.997462 0.055362 -0.044768 -0.000000 -0.062417 0.982454 -0.175750 14.652500 0.034252 0.178099 0.983416 0.432500 0.000000 0.000000 0.000000 1.000000
0.998124 0.050101 -0.035193 -0.000000 -0.055480 0.983225 -0.173755 14.652500 0.025897 0.175382 0.984160 0.432500 0.000000 0.000000 0.000000 1.000000
0.998669 0.044359 -0.026299 0.000000 -0.048250 0.983753 -0.172922 14.652500 0.018201 0.173961 0.984584 0.432500 0.000000 0.000000 0.000000 1.000000
0.999153 0.036184 -0.019579 0.000000 -0.039085 0.983407 -0.177154 14.652500 0.012844 0.177770 0.983988 0.432500 0.000000 0.000000 0.000000 1.000000
0.999408 0.031273 -0.014350 0.000000 -0.033382 0.982344 -0.184082 14.652500 0.008340 0.184452 0.982806 0.432500 0.000000 0.000000 0.000000 1.000000
0.999370 0.033572 -0.011501 0.000000 -0.035136 0.981547 -0.187964 14.652500 0.004979 0.188249 0.982109 0.432500 0.000000 0.000000 0.000000 1.000000
0.999118 0.040161 -0.012293 0.000000 -0.041747 0.981662 -0.186003 14.652500 0.004597 0.186352 0.982472 0.432500 0.000000 0.000000 0.000000 1.000000
0.998860 0.045206 -0.015335 0.000000 -0.047236 0.982406 -0.180685 14.652500 0.006897 0.181203 0.983421 0.432500 0.000000 0.000000 0.000000 1.000000
0.998797 0.045914 -0.017215 0.000000 -0.048222 0.983387 -0.174996 14.652500 0.008894 0.175616 0.984419 0.432500 0.000000 0.000000 0.000000 1.000000
0.998964 0.043196 -0.014296 -0.000000 -0.044973 0.985094 -0.166032 14.652500 0.006911 0.166503 0.986017 0.432500 0.000000 0.000000 0.000000 1.000000
0.999174 0.040010 -0.007048 0.000000 -0.040619 0.986991 -0.155563 14.652500 0.000732 0.155720 0.987801 0.432500 0.000000 0.000000 0.000000 1.000000
0.999336 0.036403 0.001653 0.000000 -0.035774 0.988687 -0.145668 14.652500 -0.006937 0.145512 0.989332 0.432500 0.000000 0.000000 0.000000 1.000000
0.999466 0.031427 0.008896 0.000000 -0.029920 0.990180 -0.136556 14.652500 -0.013100 0.136217 0.990592 0.432500 0.000000 0.000000 0.000000 1.000000
0.999569 0.026180 0.013305 -0.000000 -0.024267 0.991499 -0.127835 14.652500 -0.016538 0.127457 0.991706 0.432500 0.000000 0.000000 0.000000 1.000000
0.999645 0.021686 0.015465 0.000000 -0.019681 0.992612 -0.119728 14.652500 -0.017947 0.119381 0.992686 0.432500 0.000000 0.000000 0.000000 1.000000
0.999703 0.017992 0.016424 0.000000 -0.016028 0.993495 -0.112745 14.652500 -0.018345 0.112449 0.993488 0.432500 0.000000 0.000000 0.000000 1.000000
0.999749 0.015194 0.016464 0.000000 -0.013353 0.994202 -0.106693 14.652500 -0.017989 0.106446 0.994156 0.432500 0.000000 0.000000 0.000000 1.000000
0.999790 0.013311 0.015586 0.000000 -0.011671 0.994821 -0.100971 14.652500 -0.016849 0.100768 0.994767 0.432500 0.000000 0.000000 0.000000 1.000000
0.999825 0.012134 0.014259 0.000000 -0.010718 0.995372 -0.095494 14.652500 -0.015352 0.095324 0.995328 0.432500 0.000000 0.000000 0.000000 1.000000
0.999845 0.011817 0.013030 0.000000 -0.010585 0.995806 -0.090881 14.652500 -0.014049 0.090729 0.995777 0.432500 0.000000 0.000000 0.000000 1.000000
0.999848 0.012602 0.012028 0.000000 -0.011501 0.996091 -0.087581 14.652500 -0.013085 0.087430 0.996085 0.432500 0.000000 0.000000 0.000000 1.000000
0.999839 0.014059 0.011141 0.000000 -0.013058 0.996269 -0.085313 14.652500 -0.012299 0.085154 0.996292 0.432500 0.000000 0.000000 0.000000 1.000000
0.999827 0.015498 0.010243 0.000000 -0.014589 0.996398 -0.083537 14.652500 -0.011501 0.083373 0.996452 0.432500 0.000000 0.000000 0.000000 1.000000
0.999818 0.016693 0.009268 0.000000 -0.015878 0.996508 -0.081973 14.652500 -0.010604 0.081811 0.996591 0.432500 0.000000 0.000000 0.000000 1.000000
0.999810 0.017630 0.008342 0.000000 -0.016901 0.996604 -0.080595 14.652500 -0.009735 0.080438 0.996712 0.432500 0.000000 0.000000 0.000000 1.000000
0.999804 0.018266 0.007696 -0.000000 -0.017598 0.996691 -0.079361 14.652500 -0.009120 0.079210 0.996816 0.432500 0.000000 0.000000 0.000000 1.000000
0.999799 0.018643 0.007375 0.000000 -0.018011 0.996781 -0.078119 14.652500 -0.008808 0.077971 0.996917 0.432500 0.000000 0.000000 0.000000 1.000000
0.999796 0.018867 0.007205 0.000000 -0.018258 0.996881 -0.076782 14.652500 -0.008631 0.076634 0.997022 0.432500 0.000000 0.000000 0.000000 1.000000
0.999794 0.019015 0.007047 0.000000 -0.018429 0.996981 -0.075429 14.652500 -0.008460 0.075283 0.997126 0.432500 0.000000 0.000000 0.000000 1.000000
0.999794 0.019124 0.006869 0.000000 -0.018562 0.997072 -0.074182 14.652500 -0.008268 0.074039 0.997221 0.432500 0.000000 0.000000 0.000000 1.000000
0.999794 0.019181 0.006677 0.000000 -0.018642 0.997151 -0.073088 14.652500 -0.008060 0.072948 0.997303 0.432500 0.000000 0.000000 0.000000 1.000000</float_array>
        <technique_common>
          <accessor source="#mixamorig_Spine-Matrix-animation-output-transform-array" count="56" stride="16">
            <param type="float4x4"/>
          </accessor>
        </technique_common>
      </source>
      <source id="mixamorig_Spine-Interpolations">
        <Name_array id="mixamorig_Spine-Interpolations-array" count="56">
 LINEAR LINEAR LINEAR LINEAR LINEAR LINEAR LINEAR LINEAR LINEAR LINEAR LINEAR
LINEAR LINEAR LINEAR LINEAR LINEAR LINEAR LINEAR LINEAR LINEAR LINEAR LINEAR LINEAR
LINEAR LINEAR LINEAR LINEAR LINEAR LINEAR LINEAR LINEAR LINEAR LINEAR LINEAR LINEAR
LINEAR LINEAR LINEAR LINEAR LINEAR LINEAR LINEAR LINEAR LINEAR LINEAR LINEAR LINEAR
LINEAR LINEAR LINEAR LINEAR LINEAR LINEAR LINEAR LINEAR LINEAR</Name_array>
        <technique_common>
          <accessor source="#mixamorig_Spine-Interpolations-array" count="56">
            <param type="name"/>
          </accessor>
        </technique_common>
      </source>
      <sampler id="mixamorig_Spine-Matrix-animation-transform">
        <input semantic="INPUT" source="#mixamorig_Spine-Matrix-animation-input"/>
        <input semantic="OUTPUT" source="#mixamorig_Spine-Matrix-animation-output-transform"/>
        <input semantic="INTERPOLATION" source="#mixamorig_Spine-Interpolations"/>
      </sampler>
      <channel source="#mixamorig_Spine-Matrix-animation-transform" target="mixamorig_Spine/matrix"/>
    </animation>
    <animation id="mixamorig_Spine1-anim" name="mixamorig_Spine1">
      <source id="mixamorig_Spine1-Matrix-animation-input">
        <float_array id="mixamorig_Spine1-Matrix-animation-input-array" count="56">

0.000000 0.033333 0.066667 0.100000 0.133333 0.166667 0.200000 0.233333 0.266667 0.300000 0.333333 0.366667 0.400000 0.433333 0.466667 0.500000
0.533333 0.566667 0.600000 0.633333 0.666667 0.700000 0.733333 0.766667 0.800000 0.833333 0.866667 0.900000 0.933333 0.966667 1.000000 1.033333
1.066667 1.100000 1.133333 1.166667 1.200000 1.233333 1.266667 1.300000 1.333333 1.366667 1.400000 1.433333 1.466667 1.500000 1.533333 1.566667
1.600000 1.633333 1.666667 1.700000 1.733333 1.766667 1.800000 1.833333</float_array>
        <technique_common>
          <accessor source="#mixamorig_Spine1-Matrix-animation-input-array" count="56">
            <param name="TIME" type="float"/>
          </accessor>
        </technique_common>
      </source>
      <source id="mixamorig_Spine1-Matrix-animation-output-transform">
        <float_array id="mixamorig_Spine1-Matrix-animation-output-transform-array" count="896">

0.999882 0.008816 0.012597 0.000000 -0.006685 0.987063 -0.160194 10.372600 -0.013846 0.160091 0.987005 -0.000000 0.000000 0.000000 0.000000 1.000000
0.999901 0.006517 0.012446 0.000000 -0.004383 0.986391 -0.164361 10.372600 -0.013348 0.164290 0.986322 0.000000 0.000000 0.000000 0.000000 1.000000
0.999850 0.005360 0.016451 0.000000 -0.002432 0.984903 -0.173090 10.372600 -0.017131 0.173024 0.984769 0.000000 0.000000 0.000000 0.000000 1.000000
0.999649 0.006460 0.025691 -0.000000 -0.001634 0.983001 -0.183594 10.372600 -0.026440 0.183487 0.982666 0.000000 0.000000 0.000000 0.000000 1.000000
0.999358 0.010967 0.034114 0.000000 -0.004455 0.982652 -0.185404 10.372600 -0.035556 0.185133 0.982070 -0.000000 0.000000 0.000000 0.000000 1.000000
0.999215 0.019398 0.034532 -0.000000 -0.013311 0.985612 -0.168500 10.372600 -0.037303 0.167909 0.985097 -0.000000 0.000000 0.000000 0.000000 1.000000
0.999134 0.030800 0.027992 0.000000 -0.026773 0.990575 -0.134330 10.372600 -0.031866 0.133464 0.990541 -0.000000 0.000000 0.000000 0.000000 1.000000
0.998945 0.042110 0.018296 0.000000 -0.040271 0.995002 -0.091377 10.372600 -0.022053 0.090544 0.995648 0.000000 0.000000 0.000000 0.000000 1.000000
0.998792 0.048894 0.004962 -0.000000 -0.048623 0.997805 -0.044953 10.372600 -0.007149 0.044657 0.998977 0.000000 0.000000 0.000000 0.000000 1.000000
0.998801 0.048208 -0.008524 0.000000 -0.048216 0.998837 -0.000648 10.372600 0.008483 0.001058 0.999963 -0.000000 0.000000 0.000000 0.000000 1.000000
0.998926 0.042996 -0.017249 -0.000000 -0.042472 0.998656 0.029690 10.372600 0.018502 -0.028925 0.999410 0.000000 0.000000 0.000000 0.000000 1.000000
0.998788 0.041001 -0.027218 -0.000000 -0.039915 0.998429 0.039311 10.372600 0.028787 -0.038177 0.998856 0.000000 0.000000 0.000000 0.000000 1.000000
0.998011 0.044698 -0.044450 -0.000000 -0.043235 0.998509 0.033331 10.372600 0.045873 -0.031343 0.998455 0.000000 0.000000 0.000000 0.000000 1.000000
0.996579 0.051079 -0.064977 0.000000 -0.049752 0.998522 0.021879 10.372600 0.065998 -0.018572 0.997647 0.000000 0.000000 0.000000 0.000000 1.000000
0.995001 0.058564 -0.080889 0.000000 -0.057821 0.998261 0.011503 10.372600 0.081422 -0.006769 0.996657 0.000000 0.000000 0.000000 0.000000 1.000000
0.993576 0.069942 -0.088967 0.000000 -0.069715 0.997551 0.005665 10.372600 0.089145 0.000573 0.996018 0.000000 0.000000 0.000000 0.000000 1.000000
0.992003 0.085956 -0.092420 -0.000000 -0.085886 0.996294 0.004748 10.372600 0.092486 0.003227 0.995709 -0.000000 0.000000 0.000000 0.000000 1.000000
0.990051 0.102079 -0.096849 0.000000 -0.102286 0.994751 0.002838 10.372600 0.096630 0.007096 0.995295 0.000000 0.000000 0.000000 0.000000 1.000000
0.988018 0.113839 -0.104214 0.000000 -0.115805 0.993187 -0.012999 10.372600 0.102024 0.024911 0.994470 -0.000000 0.000000 0.000000 0.000000 1.000000
0.986644 0.120429 -0.109685 0.000000 -0.126830 0.990488 -0.053360 10.372600 0.102215 0.066559 0.992533 0.000000 0.000000 0.000000 0.000000 1.000000
0.986816 0.121787 -0.106591 0.000000 -0.134095 0.984020 -0.117148 10.372600 0.090620 0.129897 0.987378 0.000000 0.000000 0.000000 0.000000 1.000000
0.988772 0.114925 -0.095513 0.000000 -0.131536 0.972670 -0.191340 10.372600 0.070912 0.201755 0.976865 -0.000000 0.000000 0.000000 0.000000 1.000000
0.991636 0.097375 -0.084709 0.000000 -0.116397 0.958294 -0.261007 10.372600 0.055761 0.268684 0.961613 0.000000 0.000000 0.000000 0.000000 1.000000
0.994195 0.072524 -0.079475 0.000000 -0.094158 0.943901 -0.316521 10.372600 0.052061 0.322167 0.945250 -0.000000 0.000000 0.000000 0.000000 1.000000
0.995762 0.052153 -0.075746 0.000000 -0.075491 0.933940 -0.349366 10.372600 0.052522 0.353604 0.933920 -0.000000 0.000000 0.000000 0.000000 1.000000
0.996804 0.045511 -0.065654 0.000000 -0.066058 0.931750 -0.357042 10.372600 0.044924 0.360237 0.931778 0.000000 0.000000 0.000000 0.000000 1.000000
0.997702 0.047289 -0.048514 0.000000 -0.061378 0.934066 -0.351786 10.372600 0.028680 0.353955 0.934823 0.000000 0.000000 0.000000 0.000000 1.000000
0.998522 0.044095 -0.031770 0.000000 -0.052439 0.935259 -0.350059 10.372600 0.014277 0.351208 0.936189 -0.000000 0.000000 0.000000 0.000000 1.000000
0.999272 0.033078 -0.018992 0.000000 -0.037689 0.932806 -0.358403 10.372600 0.005860 0.358858 0.933374 0.000000 0.000000 0.000000 0.000000 1.000000
0.999676 0.024042 -0.008393 -0.000000 -0.025438 0.927992 -0.371729 10.372600 -0.001149 0.371822 0.928303 -0.000000 0.000000 0.000000 0.000000 1.000000
0.999703 0.024257 -0.002223 -0.000000 -0.023287 0.924948 -0.379380 10.372600 -0.007146 0.379319 0.925238 -0.000000 0.000000 0.000000 0.000000 1.000000
0.999534 0.030211 -0.004293 0.000000 -0.029606 0.926024 -0.376301 10.372600 -0.007393 0.376253 0.926487 0.000000 0.000000 0.000000 0.000000 1.000000
0.999352 0.033936 -0.012007 0.000000 -0.035974 0.929620 -0.366760 10.372600 -0.001285 0.366955 0.930238 -0.000000 0.000000 0.000000 0.000000 1.000000
0.999304 0.032739 -0.017891 0.000000 -0.036966 0.933729 -0.356066 10.372600 0.005048 0.356480 0.934289 0.000000 0.000000 0.000000 0.000000 1.000000
0.999455 0.029542 -0.014753 0.000000 -0.032795 0.940193 -0.339061 10.372600 0.003854 0.339360 0.940649 -0.000000 0.000000 0.000000 0.000000 1.000000
0.999607 0.027853 -0.003082 -0.000000 -0.027379 0.947262 -0.319289 10.372600 -0.005973 0.319247 0.947653 0.000000 0.000000 0.000000 0.000000 1.000000
0.999588 0.026317 0.011494 0.000000 -0.021648 0.953523 -0.300542 10.372600 -0.018869 0.300169 0.953699 0.000000 0.000000 0.000000 0.000000 1.000000
0.999467 0.022685 0.023484 0.000000 -0.015113 0.958961 -0.283133 10.372600 -0.028943 0.282627 0.958793 -0.000000 0.000000 0.000000 0.000000 1.000000
0.999377 0.017689 0.030530 0.000000 -0.008919 0.963802 -0.266471 10.372600 -0.034138 0.266032 0.963359 0.000000 0.000000 0.000000 0.000000 1.000000
0.999353 0.012826 0.033600 -0.000000 -0.003983 0.967968 -0.251043 10.372600 -0.035744 0.250747 0.967393 0.000000 0.000000 0.000000 0.000000 1.000000
0.999368 0.008069 0.034625 0.000000 0.000394 0.971333 -0.237721 10.372600 -0.035551 0.237584 0.970716 0.000000 0.000000 0.000000 0.000000 1.000000
0.999412 0.003159 0.034141 0.000000 0.004644 0.974098 -0.226080 10.372600 -0.033971 0.226105 0.973510 0.000000 0.000000 0.000000 0.000000 1.000000
0.999487 -0.001099 0.032007 0.000000 0.007960 0.976576 -0.215026 10.372600 -0.031021 0.215171 0.976084 -0.000000 0.000000 0.000000 0.000000 1.000000
0.999571 -0.003612 0.029071 -0.000000 0.009483 0.978830 -0.204453 10.372600 -0.027717 0.204641 0.978445 0.000000 0.000000 0.000000 0.000000 1.000000
0.999644 -0.004061 0.026384 0.000000 0.009145 0.980652 -0.195546 10.372600 -0.025079 0.195717 0.980340 0.000000 0.000000 0.000000 0.000000 1.000000
0.999704 -0.003079 0.024126 0.000000 0.007589 0.981917 -0.189158 10.372600 -0.023108 0.189286 0.981650 0.000000 0.000000 0.000000 0.000000 1.000000
0.999755 -0.001726 0.022077 0.000000 0.005776 0.982768 -0.184752 10.372600 -0.021377 0.184834 0.982537 0.000000 0.000000 0.000000 0.000000 1.000000
0.999799 -0.000496 0.020044 0.000000 0.004123 0.983420 -0.181297 10.372600 -0.019622 0.181343 0.983224 0.000000 0.000000 0.000000 0.000000 1.000000
0.999839 0.000921 0.017920 -0.000000 0.002288 0.983981 -0.178259 10.372600 -0.017797 0.178271 0.983820 0.000000 0.000000 0.000000 0.000000 1.000000
0.999870 0.002660 0.015920 0.000000 0.000177 0.984463 -0.175594 10.372600 -0.016140 0.175573 0.984334 0.000000 0.000000 0.000000 0.000000 1.000000
0.999886 0.004286 0.014496 -0.000000 -0.001711 0.984883 -0.173213 10.372600 -0.015019 0.173169 0.984778 0.000000 0.000000 0.000000 0.000000 1.000000
0.999890 0.005472 0.013757 0.000000 -0.003042 0.985301 -0.170803 10.372600 -0.014489 0.170742 0.985209 0.000000 0.000000 0.000000 0.000000 1.000000
0.999890 0.006331 0.013379 -0.000000 -0.003991 0.985746 -0.168190 10.372600 -0.014253 0.168118 0.985664 0.000000 0.000000 0.000000 0.000000 1.000000
0.999890 0.007044 0.013065 -0.000000 -0.004784 0.986192 -0.165539 10.372600 -0.014050 0.165458 0.986117 -0.000000 0.000000 0.000000 0.000000 1.000000
0.999890 0.007661 0.012727 0.000000 -0.005483 0.986596 -0.163091 10.372600 -0.013806 0.163003 0.986529 -0.000000 0.000000 0.000000 0.000000 1.000000
0.999890 0.008158 0.012370 0.000000 -0.006062 0.986946 -0.160938 10.372600 -0.013522 0.160845 0.986887 0.000000 0.000000 0.000000 0.000000 1.000000</float_array>
        <technique_common>
          <accessor source="#mixamorig_Spine1-Matrix-animation-output-transform-array" count="56" stride="16">
            <param type="float4x4"/>
          </accessor>
        </technique_common>
      </source>
      <source id="mixamorig_Spine1-Interpolations">
        <Name_array id="mixamorig_Spine1-Interpolations-array" count="56">
 LINEAR LINEAR LINEAR LINEAR LINEAR LINEAR LINEAR LINEAR LINEAR LINEAR LINEAR
LINEAR LINEAR LINEAR LINEAR LINEAR LINEAR LINEAR LINEAR LINEAR LINEAR LINEAR LINEAR
LINEAR LINEAR LINEAR LINEAR LINEAR LINEAR LINEAR LINEAR LINEAR LINEAR LINEAR LINEAR
LINEAR LINEAR LINEAR LINEAR LINEAR LINEAR LINEAR LINEAR LINEAR LINEAR LINEAR LINEAR
LINEAR LINEAR LINEAR LINEAR LINEAR LINEAR LINEAR LINEAR LINEAR</Name_array>
        <technique_common>
          <accessor source="#mixamorig_Spine1-Interpolations-array" count="56">
            <param type="name"/>
          </accessor>
        </technique_common>
      </source>
      <sampler id="mixamorig_Spine1-Matrix-animation-transform">
        <input semantic="INPUT" source="#mixamorig_Spine1-Matrix-animation-input"/>
        <input semantic="OUTPUT" source="#mixamorig_Spine1-Matrix-animation-output-transform"/>
        <input semantic="INTERPOLATION" source="#mixamorig_Spine1-Interpolations"/>
      </sampler>
      <channel source="#mixamorig_Spine1-Matrix-animation-transform" target="mixamorig_Spine1/matrix"/>
    </animation>
    <animation id="mixamorig_Spine2-anim" name="mixamorig_Spine2">
      <source id="mixamorig_Spine2-Matrix-animation-input">
        <float_array id="mixamorig_Spine2-Matrix-animation-input-array" count="56">

0.000000 0.033333 0.066667 0.100000 0.133333 0.166667 0.200000 0.233333 0.266667 0.300000 0.333333 0.366667 0.400000 0.433333 0.466667 0.500000
0.533333 0.566667 0.600000 0.633333 0.666667 0.700000 0.733333 0.766667 0.800000 0.833333 0.866667 0.900000 0.933333 0.966667 1.000000 1.033333
1.066667 1.100000 1.133333 1.166667 1.200000 1.233333 1.266667 1.300000 1.333333 1.366667 1.400000 1.433333 1.466667 1.500000 1.533333 1.566667
1.600000 1.633333 1.666667 1.700000 1.733333 1.766667 1.800000 1.833333</float_array>
        <technique_common>
          <accessor source="#mixamorig_Spine2-Matrix-animation-input-array" count="56">
            <param name="TIME" type="float"/>
          </accessor>
        </technique_common>
      </source>
      <source id="mixamorig_Spine2-Matrix-animation-output-transform">
        <float_array id="mixamorig_Spine2-Matrix-animation-output-transform-array" count="896">

0.999890 0.008374 0.012207 0.000000 -0.007042 0.994411 -0.105338 10.089500 -0.013021 0.105241 0.994361 0.000000 0.000000 0.000000 0.000000 1.000000
0.999909 0.006083 0.012065 0.000000 -0.004725 0.993973 -0.109527 10.089500 -0.012659 0.109460 0.993911 0.000000 0.000000 0.000000 0.000000 1.000000
0.999859 0.004801 0.016062 -0.000000 -0.002867 0.992970 -0.118335 10.089500 -0.016517 0.118272 0.992844 0.000000 0.000000 0.000000 0.000000 1.000000
0.999666 0.005599 0.025227 -0.000000 -0.002299 0.991645 -0.128978 10.089500 -0.025739 0.128877 0.991326 0.000000 0.000000 0.000000 0.000000 1.000000
0.999388 0.009821 0.033577 0.000000 -0.005345 0.991383 -0.130889 10.089500 -0.034573 0.130630 0.990828 0.000000 0.000000 0.000000 0.000000 1.000000
0.999252 0.018238 0.034089 0.000000 -0.014245 0.993389 -0.113911 10.089500 -0.035942 0.113341 0.992906 -0.000000 0.000000 0.000000 0.000000 1.000000
0.999164 0.029872 0.027904 0.000000 -0.027570 0.996452 -0.079523 10.089500 -0.030180 0.078687 0.996442 0.000000 0.000000 0.000000 0.000000 1.000000
0.998962 0.041514 0.018766 0.000000 -0.040813 0.998506 -0.036336 10.089500 -0.020246 0.035532 0.999163 0.000000 0.000000 0.000000 0.000000 1.000000
0.998794 0.048721 0.006120 0.000000 -0.048783 0.998756 0.010323 10.089500 -0.005609 -0.010610 0.999928 0.000000 0.000000 0.000000 0.000000 1.000000
0.998804 0.048433 -0.006711 -0.000000 -0.047994 0.997342 0.054826 10.089500 0.009348 -0.054438 0.998473 0.000000 0.000000 0.000000 0.000000 1.000000
0.998942 0.043450 -0.015059 0.000000 -0.042014 0.995473 0.085257 10.089500 0.018695 -0.084534 0.996245 -0.000000 0.000000 0.000000 0.000000 1.000000
0.998816 0.041722 -0.025034 0.000000 -0.039170 0.994708 0.094981 10.089500 0.028864 -0.093888 0.995164 0.000000 0.000000 0.000000 0.000000 1.000000
0.998045 0.045881 -0.042438 0.000000 -0.041955 0.995132 0.089170 10.089500 0.046323 -0.087215 0.995112 0.000000 0.000000 0.000000 0.000000 1.000000
0.996614 0.052750 -0.063071 0.000000 -0.047777 0.995815 0.077914 10.089500 0.066917 -0.074637 0.994963 0.000000 0.000000 0.000000 0.000000 1.000000
0.995032 0.060596 -0.078986 0.000000 -0.055295 0.996175 0.067654 10.089500 0.082784 -0.062951 0.994577 -0.000000 0.000000 0.000000 0.000000 1.000000
0.993601 0.072153 -0.086898 0.000000 -0.066912 0.995844 0.061779 10.089500 0.090994 -0.055570 0.994300 0.000000 0.000000 0.000000 0.000000 1.000000
0.992025 0.088247 -0.089993 0.000000 -0.082973 0.994698 0.060756 10.089500 0.094878 -0.052805 0.994087 0.000000 0.000000 0.000000 0.000000 1.000000
0.990071 0.104479 -0.094042 0.000000 -0.099237 0.993325 0.058807 10.089500 0.099559 -0.048891 0.993830 -0.000000 0.000000 0.000000 0.000000 1.000000
0.988025 0.116414 -0.101265 -0.000000 -0.112554 0.992713 0.043049 10.089500 0.105538 -0.031135 0.993928 0.000000 0.000000 0.000000 0.000000 1.000000
0.986608 0.123153 -0.106950 0.000000 -0.123570 0.992332 0.002741 10.089500 0.106468 0.010511 0.994261 0.000000 0.000000 0.000000 0.000000 1.000000
0.986710 0.124469 -0.104453 0.000000 -0.131294 0.989453 -0.061202 10.089500 0.095734 0.074103 0.992645 -0.000000 0.000000 0.000000 0.000000 1.000000
0.988594 0.117297 -0.094467 -0.000000 -0.129525 0.982222 -0.135878 10.089500 0.076850 0.146564 0.986212 0.000000 0.000000 0.000000 0.000000 1.000000
0.991406 0.099295 -0.085179 0.000000 -0.115046 0.971702 -0.206300 10.089500 0.062284 0.214326 0.974774 0.000000 0.000000 0.000000 0.000000 1.000000
0.993935 0.074131 -0.081222 0.000000 -0.093094 0.960382 -0.262679 10.089500 0.058531 0.268647 0.961459 0.000000 0.000000 0.000000 0.000000 1.000000
0.995507 0.053699 -0.077990 -0.000000 -0.074568 0.952209 -0.296205 10.089500 0.058357 0.300690 0.951935 0.000000 0.000000 0.000000 0.000000 1.000000
0.996608 0.046968 -0.067578 0.000000 -0.065416 0.950357 -0.304207 10.089500 0.049935 0.307596 0.950206 0.000000 0.000000 0.000000 0.000000 1.000000
0.997588 0.048363 -0.049789 0.000000 -0.061092 0.952275 -0.299067 10.089500 0.032949 0.301387 0.952932 -0.000000 0.000000 0.000000 0.000000 1.000000
0.998465 0.044685 -0.032733 0.000000 -0.052416 0.953294 -0.297462 10.089500 0.017912 0.298721 0.954172 0.000000 0.000000 0.000000 0.000000 1.000000
0.999244 0.033256 -0.020120 -0.000000 -0.037821 0.951264 -0.306049 10.089500 0.008962 0.306578 0.951803 0.000000 0.000000 0.000000 0.000000 1.000000
0.999667 0.023819 -0.009905 0.000000 -0.025736 0.947170 -0.319697 10.089500 0.001767 0.319846 0.947468 0.000000 0.000000 0.000000 0.000000 1.000000
0.999710 0.023737 -0.004051 0.000000 -0.023754 0.944537 -0.327545 10.089500 -0.003949 0.327546 0.944827 0.000000 0.000000 0.000000 0.000000 1.000000
0.999540 0.029691 -0.006262 0.000000 -0.030116 0.945444 -0.324390 10.089500 -0.003711 0.324429 0.945903 0.000000 0.000000 0.000000 0.000000 1.000000
0.999335 0.033652 -0.014033 0.000000 -0.036359 0.948532 -0.314587 10.089500 0.002724 0.314888 0.949125 0.000000 0.000000 0.000000 0.000000 1.000000
0.999267 0.032679 -0.019929 0.000000 -0.037191 0.952066 -0.303624 10.089500 0.009052 0.304142 0.952584 0.000000 0.000000 0.000000 0.000000 1.000000
0.999428 0.029459 -0.016623 0.000000 -0.032987 0.957566 -0.286321 10.089500 0.007483 0.286705 0.957990 -0.000000 0.000000 0.000000 0.000000 1.000000
0.999612 0.027479 -0.004645 0.000000 -0.027723 0.963493 -0.266296 10.089500 -0.002842 0.266321 0.963880 0.000000 0.000000 0.000000 0.000000 1.000000
0.999621 0.025554 0.010242 0.000000 -0.022229 0.968671 -0.247351 10.089500 -0.016242 0.247030 0.968872 -0.000000 0.000000 0.000000 0.000000 1.000000
0.999514 0.021618 0.022471 -0.000000 -0.015882 0.973121 -0.229747 10.089500 -0.026834 0.229279 0.972991 0.000000 0.000000 0.000000 0.000000 1.000000
