<?xml version="1.0" encoding="utf-8"?>
<COLLADA xmlns="http://www.collada.org/2005/11/COLLADASchema" version="1.4.1">
  <asset>
    <contributor>
      <author>Mixamo</author>
      <authoring_tool>COLLADA Mixamo exporter</authoring_tool>
      <comments/>
    </contributor>
    <created>2023-11-28T11:50:12Z</created>
    <modified>2023-11-28T11:50:12Z</modified>
    <revision/>
    <title/>
    <unit meter="0.010000"/>
    <up_axis>Y_UP</up_axis>
  </asset>
  <library_animations>
    <animation id="mixamorig_Hips-anim" name="mixamorig_Hips">
      <source id="mixamorig_Hips-Matrix-animation-input">
        <float_array id="mixamorig_Hips-Matrix-animation-input-array" count="72">

0.000000 0.033333 0.066667 0.100000 0.133333 0.166667 0.200000 0.233333 0.266667 0.300000 0.333333 0.366667 0.400000 0.433333 0.466667 0.500000
0.533333 0.566667 0.600000 0.633333 0.666667 0.700000 0.733333 0.766667 0.800000 0.833333 0.866667 0.900000 0.933333 0.966667 1.000000 1.033333
1.066667 1.100000 1.133333 1.166667 1.200000 1.233333 1.266667 1.300000 1.333333 1.366667 1.400000 1.433333 1.466667 1.500000 1.533333 1.566667
1.600000 1.633333 1.666667 1.700000 1.733333 1.766667 1.800000 1.833333 1.866667 1.900000 1.933333 1.966667 2.000000 2.033333 2.066667 2.100000
2.133333 2.166667 2.200000 2.233333 2.266667 2.300000 2.333333 2.366667</float_array>
        <technique_common>
          <accessor source="#mixamorig_Hips-Matrix-animation-input-array" count="72">
            <param name="TIME" type="float"/>
          </accessor>
        </technique_common>
      </source>
      <source id="mixamorig_Hips-Matrix-animation-output-transform">
        <float_array id="mixamorig_Hips-Matrix-animation-output-transform-array" count="1152">

0.467962 -0.083654 -0.879780 2.055235 0.029940 0.996439 -0.078821 88.024162 0.883241 0.010545 0.468800 -1.239759 0.000000 0.000000 0.000000 1.000000
0.557227 0.013143 -0.830256 1.942886 0.049864 0.997541 0.049257 87.307617 0.828862 -0.068848 0.555201 -1.709257 0.000000 0.000000 0.000000 1.000000
0.602700 0.067508 -0.795107 0.092475 0.117311 0.978093 0.171967 87.157730 0.789298 -0.196919 0.581577 -0.840671 0.000000 0.000000 0.000000 1.000000
0.584508 0.102326 -0.804910 -2.133810 0.161160 0.957610 0.238770 87.295395 0.795222 -0.269282 0.543239 1.339516 0.000000 0.000000 0.000000 1.000000
0.554734 0.112419 -0.824398 -3.988734 0.159993 0.957926 0.238286 86.690422 0.816500 -0.264083 0.513408 3.792340 0.000000 0.000000 0.000000 1.000000
0.561893 0.092786 -0.821990 -5.478070 0.152290 0.965101 0.213042 86.363358 0.813071 -0.244888 0.528154 5.813439 0.000000 0.000000 0.000000 1.000000
0.571034 0.062657 -0.818532 -6.622722 0.141180 0.974732 0.173106 86.570396 0.808695 -0.214410 0.547759 7.451635 0.000000 0.000000 0.000000 1.000000
0.569364 0.035919 -0.821300 -7.059870 0.149209 0.977937 0.146207 86.608589 0.808431 -0.205790 0.551443 8.951540 0.000000 0.000000 0.000000 1.000000
0.564843 0.024431 -0.824836 -6.882639 0.150261 0.979806 0.131919 86.344543 0.811402 -0.198455 0.549766 10.194084 0.000000 0.000000 0.000000 1.000000
0.563332 0.014929 -0.826096 -6.490242 0.146042 0.982295 0.117341 86.027985 0.813221 -0.186746 0.551178 11.179565 0.000000 0.000000 0.000000 1.000000
0.570857 0.005505 -0.821031 -5.956355 0.140008 0.984679 0.103949 85.712708 0.809024 -0.174291 0.561340 12.066756 0.000000 0.000000 0.000000 1.000000
0.580564 -0.004168 -0.814204 -5.325816 0.129801 0.987672 0.087498 85.464890 0.803801 -0.156483 0.573948 12.889582 0.000000 0.000000 0.000000 1.000000
0.593145 -0.010170 -0.805032 -4.697830 0.116085 0.990552 0.073017 85.232033 0.796683 -0.136761 0.588721 13.722995 0.000000 0.000000 0.000000 1.000000
0.611220 -0.013510 -0.791345 -4.123578 0.096463 0.993672 0.057542 84.968117 0.785560 -0.111506 0.608656 14.481639 0.000000 0.000000 0.000000 1.000000
0.637986 -0.013106 -0.769937 -3.481811 0.074284 0.996240 0.044595 84.668823 0.766457 -0.085645 0.636560 15.135419 0.000000 0.000000 0.000000 1.000000
0.672515 -0.003469 -0.740075 -2.782375 0.050482 0.997875 0.041197 84.350632 0.738360 -0.065066 0.671261 15.689519 0.000000 0.000000 0.000000 1.000000
0.710311 0.011887 -0.703788 -2.080267 0.026214 0.998717 0.043326 83.966599 0.703400 -0.049224 0.709088 16.180813 0.000000 0.000000 0.000000 1.000000
0.745984 0.028800 -0.665341 -1.528820 0.003216 0.998897 0.046843 83.607666 0.665956 -0.037084 0.745069 16.719027 0.000000 0.000000 0.000000 1.000000
0.774146 0.047772 -0.631202 -1.123988 -0.019166 0.998460 0.052061 83.261230 0.632717 -0.028205 0.773869 17.317213 0.000000 0.000000 0.000000 1.000000
0.796087 0.065579 -0.601619 -0.882265 -0.033987 0.997387 0.063747 82.900764 0.604228 -0.030301 0.796235 17.987087 0.000000 0.000000 0.000000 1.000000
0.811789 0.081393 -0.578251 -0.781726 -0.042881 0.995874 0.079977 82.513939 0.582374 -0.040128 0.811930 18.820135 0.000000 0.000000 0.000000 1.000000
0.819636 0.095616 -0.564848 -0.797554 -0.049597 0.994115 0.096313 82.192528 0.570733 -0.050927 0.819555 19.850550 0.000000 0.000000 0.000000 1.000000
0.821184 0.107939 -0.560362 -0.921735 -0.054481 0.992292 0.111300 81.907913 0.568056 -0.060869 0.820736 21.080540 0.000000 0.000000 0.000000 1.000000
0.817349 0.118667 -0.563789 -1.195607 -0.055942 0.990281 0.127335 81.525955 0.573420 -0.072537 0.816044 22.534004 0.000000 0.000000 0.000000 1.000000
0.808885 0.129475 -0.573535 -1.549947 -0.054224 0.987723 0.146503 81.066948 0.585462 -0.087405 0.805974 24.158304 0.000000 0.000000 0.000000 1.000000
0.797920 0.138991 -0.586520 -2.003509 -0.049551 0.984883 0.165983 80.523636 0.600723 -0.103378 0.792745 25.945658 0.000000 0.000000 0.000000 1.000000
0.783233 0.144821 -0.604626 -2.522431 -0.042265 0.982645 0.180615 79.835495 0.620290 -0.115909 0.775761 27.841297 0.000000 0.000000 0.000000 1.000000
0.760781 0.151147 -0.631163 -3.128204 -0.035352 0.980711 0.192242 79.143211 0.648045 -0.123941 0.751449 29.836065 0.000000 0.000000 0.000000 1.000000
0.733545 0.155182 -0.661687 -3.849420 -0.030698 0.980155 0.195839 78.248482 0.678947 -0.123344 0.723752 32.069141 0.000000 0.000000 0.000000 1.000000
0.701648 0.159147 -0.694523 -4.577860 -0.030648 0.980575 0.193733 77.172829 0.711864 -0.114647 0.692897 34.491806 0.000000 0.000000 0.000000 1.000000
0.667092 0.168807 -0.725598 -5.396228 -0.038550 0.980506 0.192668 75.928093 0.743977 -0.100556 0.660596 36.926495 0.000000 0.000000 0.000000 1.000000
0.627930 0.180478 -0.757054 -6.207782 -0.053458 0.980445 0.189394 74.506241 0.776431 -0.078456 0.625299 39.603825 0.000000 0.000000 0.000000 1.000000
0.586233 0.198952 -0.785334 -7.018590 -0.075145 0.978552 0.191806 72.831520 0.806650 -0.053429 0.588609 42.334690 0.000000 0.000000 0.000000 1.000000
0.544004 0.226254 -0.808003 -7.831241 -0.110272 0.973886 0.198461 70.873276 0.831805 -0.018864 0.554747 45.174969 0.000000 0.000000 0.000000 1.000000
0.501486 0.257418 -0.825983 -8.552730 -0.154680 0.966005 0.207144 68.562378 0.851226 0.023883 0.524255 48.230061 0.000000 0.000000 0.000000 1.000000
0.458264 0.281511 -0.843057 -9.154508 -0.197812 0.957031 0.212043 65.646904 0.866524 0.069595 0.494259 51.363670 0.000000 0.000000 0.000000 1.000000
0.414867 0.301037 -0.858639 -9.700958 -0.241626 0.946250 0.215008 62.150635 0.877213 0.118270 0.465307 54.656723 0.000000 0.000000 0.000000 1.000000
0.370778 0.307839 -0.876218 -10.046377 -0.286420 0.935382 0.207424 57.902222 0.883452 0.174058 0.434991 58.069027 0.000000 0.000000 0.000000 1.000000
0.328878 0.307291 -0.892979 -10.343794 -0.330986 0.923107 0.195758 52.959282 0.884470 0.231183 0.405299 61.426929 0.000000 0.000000 0.000000 1.000000
0.298995 0.295745 -0.907269 -10.623905 -0.382562 0.908163 0.169961 46.940987 0.874213 0.296269 0.384677 64.576897 0.000000 0.000000 0.000000 1.000000
0.307249 0.260635 -0.915242 -10.315610 -0.439983 0.891701 0.106229 41.624252 0.843809 0.370052 0.388649 67.401833 0.000000 0.000000 0.000000 1.000000
0.354212 0.203780 -0.912693 -9.542015 -0.483098 0.875530 0.007994 39.253769 0.800718 0.438089 0.408569 70.169418 0.000000 0.000000 0.000000 1.000000
0.433268 0.147023 -0.889192 -7.741827 -0.528159 0.840862 -0.118319 38.762547 0.730292 0.520899 0.441970 73.876480 0.000000 0.000000 0.000000 1.000000
0.495915 0.121632 -0.859810 -4.893758 -0.593399 0.770363 -0.233278 37.823204 0.633992 0.625896 0.454211 79.146225 0.000000 0.000000 0.000000 1.000000
0.498998 0.095354 -0.861341 -2.531747 -0.678634 0.661121 -0.319962 35.719521 0.538940 0.744196 0.394609 85.268776 0.000000 0.000000 0.000000 1.000000
0.491302 0.089057 -0.866424 -1.275633 -0.749820 0.549383 -0.368713 32.416069 0.443162 0.830811 0.336690 92.332222 0.000000 0.000000 0.000000 1.000000
0.466185 0.119806 -0.876537 -1.306485 -0.821807 0.425503 -0.378919 27.282511 0.327573 0.896991 0.296821 99.909653 0.000000 0.000000 0.000000 1.000000
0.468048 0.150992 -0.870708 -2.715410 -0.872415 0.235929 -0.428053 21.795282 0.140792 0.959968 0.242153 106.488495 0.000000 0.000000 0.000000 1.000000
0.583903 0.157351 -0.796428 -5.669380 -0.809669 0.041451 -0.585421 18.553047 -0.059104 0.986672 0.151606 109.645592 0.000000 0.000000 0.000000 1.000000
0.786322 0.156386 -0.597696 -9.312846 -0.582407 -0.135184 -0.801578 17.709194 -0.206155 0.978401 -0.015218 115.106720 0.000000 0.000000 0.000000 1.000000
0.926856 0.082781 -0.366176 -13.341277 -0.338822 -0.235589 -0.910877 19.012451 -0.161671 0.968321 -0.190309 120.818367 0.000000 0.000000 0.000000 1.000000
0.972833 -0.000406 -0.231508 -16.494980 -0.224499 -0.245852 -0.942951 21.032665 -0.056533 0.969307 -0.239264 124.853691 0.000000 0.000000 0.000000 1.000000
0.989936 -0.013686 -0.140851 -19.294016 -0.139650 -0.255514 -0.956666 22.269583 -0.022896 0.966708 -0.254854 127.264641 0.000000 0.000000 0.000000 1.000000
0.998177 0.011554 -0.059238 -21.604221 -0.054456 -0.250758 -0.966517 22.387981 -0.026022 0.967981 -0.249672 129.164734 0.000000 0.000000 0.000000 1.000000
0.997865 0.057058 0.031784 -23.029802 0.043077 -0.209151 -0.976934 21.442047 -0.049095 0.976217 -0.211163 130.818695 0.000000 0.000000 0.000000 1.000000
0.986199 0.097982 0.133461 -23.895966 0.150343 -0.192335 -0.969744 19.950275 -0.069348 0.976426 -0.204411 131.970764 0.000000 0.000000 0.000000 1.000000
0.969085 0.133312 0.207611 -24.049603 0.231532 -0.200625 -0.951915 19.031454 -0.085249 0.970555 -0.225289 132.853226 0.000000 0.000000 0.000000 1.000000
0.960351 0.157643 0.229947 -24.032362 0.257764 -0.187798 -0.947781 18.898653 -0.106228 0.969474 -0.220987 133.160950 0.000000 0.000000 0.000000 1.000000
0.959683 0.175807 0.219319 -24.300554 0.247969 -0.162097 -0.955110 18.933441 -0.132364 0.970988 -0.199156 132.778885 0.000000 0.000000 0.000000 1.000000
0.963975 0.184824 0.191291 -24.911715 0.215081 -0.118483 -0.969382 18.751877 -0.156500 0.975603 -0.153966 131.719666 0.000000 0.000000 0.000000 1.000000
0.970384 0.181522 0.159390 -24.993082 0.175998 -0.079292 -0.981192 18.228172 -0.165470 0.980185 -0.108891 130.934219 0.000000 0.000000 0.000000 1.000000
0.974260 0.175569 0.141395 -24.261600 0.152370 -0.050621 -0.987026 17.882036 -0.166134 0.983165 -0.076069 130.587219 0.000000 0.000000 0.000000 1.000000
0.976696 0.166669 0.135228 -23.697290 0.140893 -0.022593 -0.989767 17.779552 -0.161908 0.985754 -0.045549 129.740219 0.000000 0.000000 0.000000 1.000000
0.975694 0.175652 0.131027 -23.391800 0.132179 0.005175 -0.991212 18.217300 -0.174787 0.984439 -0.018168 129.691986 0.000000 0.000000 0.000000 1.000000
0.973709 0.194339 0.118838 -23.071518 0.117691 0.017480 -0.992896 18.650766 -0.195036 0.980779 -0.005851 130.042557 0.000000 0.000000 0.000000 1.000000
0.975442 0.199701 0.092911 -22.386744 0.094399 0.002081 -0.995532 18.427290 -0.199002 0.979855 -0.016822 130.331421 0.000000 0.000000 0.000000 1.000000
0.979763 0.188395 0.067619 -21.677893 0.074512 -0.029744 -0.996776 17.836834 -0.185776 0.981643 -0.043179 130.323380 0.000000 0.000000 0.000000 1.000000
0.983821 0.173055 0.046351 -21.328524 0.058711 -0.066998 -0.996024 17.207581 -0.169261 0.982631 -0.076074 130.136368 0.000000 0.000000 0.000000 1.000000
0.986054 0.163821 0.029329 -21.127308 0.044363 -0.088883 -0.995054 16.888371 -0.160404 0.982478 -0.094911 129.938614 0.000000 0.000000 0.000000 1.000000
0.986373 0.163315 0.019936 -20.988932 0.035902 -0.095400 -0.994791 16.834347 -0.160563 0.981951 -0.099964 129.940506 0.000000 0.000000 0.000000 1.000000
0.986356 0.164082 0.013360 -21.018961 0.030188 -0.100498 -0.994479 16.949806 -0.161834 0.981314 -0.104080 130.206421 0.000000 0.000000 0.000000 1.000000
0.986447 0.162617 0.021873 -21.245363 0.038579 -0.100293 -0.994210 17.062092 -0.159482 0.981579 -0.105207 130.531174 0.000000 0.000000 0.000000 1.000000</float_array>
        <technique_common>
          <accessor source="#mixamorig_Hips-Matrix-animation-output-transform-array" count="72" stride="16">
            <param type="float4x4"/>
          </accessor>
        </technique_common>
      </source>
      <source id="mixamorig_Hips-Interpolations">
        <Name_array id="mixamorig_Hips-Interpolations-array" count="72">
 LINEAR LINEAR LINEAR LINEAR LINEAR LINEAR LINEAR LINEAR LINEAR LINEAR LINEAR
LINEAR LINEAR LINEAR LINEAR LINEAR LINEAR LINEAR LINEAR LINEAR LINEAR LINEAR LINEAR
LINEAR LINEAR LINEAR LINEAR LINEAR LINEAR LINEAR LINEAR LINEAR LINEAR LINEAR LINEAR
LINEAR LINEAR LINEAR LINEAR LINEAR LINEAR LINEAR LINEAR LINEAR LINEAR LINEAR LINEAR
LINEAR LINEAR LINEAR LINEAR LINEAR LINEAR LINEAR LINEAR LINEAR LINEAR LINEAR LINEAR
LINEAR LINEAR LINEAR LINEAR LINEAR LINEAR LINEAR LINEAR LINEAR LINEAR LINEAR LINEAR
LINEAR</Name_array>
        <technique_common>
          <accessor source="#mixamorig_Hips-Interpolations-array" count="72">
            <param type="name"/>
          </accessor>
        </technique_common>
      </source>
      <sampler id="mixamorig_Hips-Matrix-animation-transform">
        <input semantic="INPUT" source="#mixamorig_Hips-Matrix-animation-input"/>
        <input semantic="OUTPUT" source="#mixamorig_Hips-Matrix-animation-output-transform"/>
        <input semantic="INTERPOLATION" source="#mixamorig_Hips-Interpolations"/>
      </sampler>
      <channel source="#mixamorig_Hips-Matrix-animation-transform" target="mixamorig_Hips/matrix"/>
    </animation>
    <animation id="mixamorig_Spine-anim" name="mixamorig_Spine">
      <source id="mixamorig_Spine-Matrix-animation-input">
        <float_array id="mixamorig_Spine-Matrix-animation-input-array" count="72">

0.000000 0.033333 0.066667 0.100000 0.133333 0.166667 0.200000 0.233333 0.266667 0.300000 0.333333 0.366667 0.400000 0.433333 0.466667 0.500000
0.533333 0.566667 0.600000 0.633333 0.666667 0.700000 0.733333 0.766667 0.800000 0.833333 0.866667 0.900000 0.933333 0.966667 1.000000 1.033333
1.066667 1.100000 1.133333 1.166667 1.200000 1.233333 1.266667 1.300000 1.333333 1.366667 1.400000 1.433333 1.466667 1.500000 1.533333 1.566667
1.600000 1.633333 1.666667 1.700000 1.733333 1.766667 1.800000 1.833333 1.866667 1.900000 1.933333 1.966667 2.000000 2.033333 2.066667 2.100000
2.133333 2.166667 2.200000 2.233333 2.266667 2.300000 2.333333 2.366667</float_array>
        <technique_common>
          <accessor source="#mixamorig_Spine-Matrix-animation-input-array" count="72">
            <param name="TIME" type="float"/>
          </accessor>
        </technique_common>
      </source>
      <source id="mixamorig_Spine-Matrix-animation-output-transform">
        <float_array id="mixamorig_Spine-Matrix-animation-output-transform-array" count="1152">

0.997202 0.074513 -0.005986 -0.000000 -0.073442 0.961636 -0.264314 14.652500 -0.013939 0.264014 0.964418 0.432500 0.000000 0.000000 0.000000 1.000000
0.997329 0.072877 -0.004971 0.000000 -0.070559 0.943534 -0.323674 14.652500 -0.018898 0.323160 0.946156 0.432500 0.000000 0.000000 0.000000 1.000000
0.995225 0.097569 -0.002632 0.000000 -0.094177 0.952839 -0.288494 14.652500 -0.025641 0.287364 0.957478 0.432500 0.000000 0.000000 0.000000 1.000000
0.997265 0.073700 0.005605 0.000000 -0.070938 0.975673 -0.207438 14.652500 -0.020757 0.206473 0.978232 0.432500 0.000000 0.000000 0.000000 1.000000
0.999727 0.021777 0.008487 -0.000000 -0.020519 0.991634 -0.127440 14.652500 -0.011191 0.127231 0.991810 0.432500 0.000000 0.000000 0.000000 1.000000
0.999877 0.013768 -0.007498 0.000000 -0.014516 0.993717 -0.110979 14.652500 0.005922 0.111075 0.993794 0.432500 0.000000 0.000000 0.000000 1.000000
0.999789 0.012791 -0.016070 0.000000 -0.014199 0.995766 -0.090824 14.652500 0.014840 0.091033 0.995737 0.432500 0.000000 0.000000 0.000000 1.000000
0.999795 0.006301 -0.019223 0.000000 -0.007755 0.997037 -0.076536 14.652500 0.018684 0.076669 0.996881 0.432500 0.000000 0.000000 0.000000 1.000000
0.999863 -0.008691 -0.014097 0.000000 0.007559 0.996885 -0.078507 14.652500 0.014736 0.078390 0.996814 0.432500 0.000000 0.000000 0.000000 1.000000
0.999807 -0.019077 -0.004671 0.000000 0.018628 0.996436 -0.082264 14.652500 0.006224 0.082161 0.996600 0.432500 0.000000 0.000000 0.000000 1.000000
0.999588 -0.028427 0.003854 0.000000 0.028652 0.995940 -0.085333 14.652500 -0.001413 0.085408 0.996345 0.432500 0.000000 0.000000 0.000000 1.000000
0.999246 -0.036654 0.012806 0.000000 0.037625 0.995552 -0.086374 14.652500 -0.009583 0.086790 0.996181 0.432500 0.000000 0.000000 0.000000 1.000000
0.998929 -0.042696 0.017806 0.000000 0.044035 0.995555 -0.083251 14.652500 -0.014172 0.083946 0.996370 0.432500 0.000000 0.000000 0.000000 1.000000
0.999004 -0.040644 0.018403 0.000000 0.041891 0.996423 -0.073392 14.652500 -0.015354 0.074089 0.997133 0.432500 0.000000 0.000000 0.000000 1.000000
0.999124 -0.037119 0.019324 0.000000 0.038261 0.997312 -0.062494 14.652500 -0.016952 0.063179 0.997858 0.432500 0.000000 0.000000 0.000000 1.000000
0.999294 -0.030429 0.022018 -0.000000 0.031815 0.997339 -0.065600 14.652500 -0.019963 0.066254 0.997603 0.432500 0.000000 0.000000 0.000000 1.000000
0.999467 -0.023578 0.022586 0.000000 0.025201 0.996903 -0.074496 14.652500 -0.020759 0.075026 0.996965 0.432500 0.000000 0.000000 0.000000 1.000000
0.999601 -0.015086 0.023880 -0.000000 0.016904 0.996824 -0.077827 14.652500 -0.022630 0.078200 0.996681 0.432500 0.000000 0.000000 0.000000 1.000000
0.999645 -0.008629 0.025218 0.000000 0.010600 0.996811 -0.079096 14.652500 -0.024455 0.079335 0.996548 0.432500 0.000000 0.000000 0.000000 1.000000
0.999650 0.002929 0.026299 0.000000 -0.000775 0.996670 -0.081537 14.652500 -0.026450 0.081488 0.996323 0.432500 0.000000 0.000000 0.000000 1.000000
0.999482 0.015697 0.028099 0.000000 -0.013274 0.996340 -0.084436 14.652500 -0.029322 0.084019 0.996033 0.432500 0.000000 0.000000 0.000000 1.000000
0.999193 0.026259 0.030379 0.000000 -0.023724 0.996431 -0.081009 14.652500 -0.032397 0.080223 0.996250 0.432500 0.000000 0.000000 0.000000 1.000000
0.998840 0.035156 0.032912 0.000000 -0.032791 0.997020 -0.069833 14.652500 -0.035269 0.068673 0.997016 0.432500 0.000000 0.000000 0.000000 1.000000
0.998304 0.045702 0.036048 0.000000 -0.043789 0.997677 -0.052183 14.652500 -0.038349 0.050516 0.997987 0.432500 0.000000 0.000000 0.000000 1.000000
0.997909 0.052338 0.037916 0.000000 -0.050996 0.998066 -0.035540 14.652500 -0.039703 0.033533 0.998649 0.432500 0.000000 0.000000 0.000000 1.000000
0.997760 0.055087 0.037961 0.000000 -0.054337 0.998312 -0.020517 14.652500 -0.039027 0.018408 0.999069 0.432500 0.000000 0.000000 0.000000 1.000000
0.997700 0.055539 0.038870 -0.000000 -0.055498 0.998457 -0.002151 14.652500 -0.038929 -0.000011 0.999242 0.432500 0.000000 0.000000 0.000000 1.000000
0.997845 0.052422 0.039473 -0.000000 -0.053148 0.998432 0.017590 14.652500 -0.038489 -0.019650 0.999066 0.432500 0.000000 0.000000 0.000000 1.000000
0.998194 0.045357 0.039390 0.000000 -0.046981 0.998040 0.041346 14.652500 -0.037438 -0.043122 0.998368 0.432500 0.000000 0.000000 0.000000 1.000000
0.998627 0.033157 0.040557 0.000000 -0.035683 0.997362 0.063216 14.652500 -0.038354 -0.064576 0.997175 0.432500 0.000000 0.000000 0.000000 1.000000
0.998900 0.020884 0.041985 0.000000 -0.024109 0.996675 0.077832 14.652500 -0.040220 -0.078759 0.996082 0.432500 0.000000 0.000000 0.000000 1.000000
0.998961 0.007849 0.044888 0.000000 -0.011734 0.996144 0.086949 14.652500 -0.044033 -0.087385 0.995201 0.432500 0.000000 0.000000 0.000000 1.000000
0.998781 -0.009885 0.048368 -0.000000 0.005581 0.996077 0.088312 14.652500 -0.049051 -0.087934 0.994918 0.432500 0.000000 0.000000 0.000000 1.000000
0.998290 -0.028801 0.050865 -0.000000 0.024383 0.996046 0.085429 14.652500 -0.053124 -0.084043 0.995045 0.432500 0.000000 0.000000 0.000000 1.000000
0.997121 -0.054149 0.053087 -0.000000 0.050117 0.995957 0.074548 14.652500 -0.056909 -0.071672 0.995803 0.432500 0.000000 0.000000 0.000000 1.000000
0.995907 -0.073994 0.051898 0.000000 0.070832 0.995662 0.060327 14.652500 -0.056136 -0.056404 0.996829 0.432500 0.000000 0.000000 0.000000 1.000000
0.994830 -0.089262 0.048432 0.000000 0.087097 0.995178 0.045119 14.652500 -0.052226 -0.040667 0.997807 0.432500 0.000000 0.000000 0.000000 1.000000
0.993943 -0.101020 0.043268 -0.000000 0.099661 0.994491 0.032497 14.652500 -0.046312 -0.027988 0.998535 0.432500 0.000000 0.000000 0.000000 1.000000
0.993627 -0.105294 0.040242 0.000000 0.104783 0.994388 0.014601 14.652500 -0.041554 -0.010291 0.999083 0.432500 0.000000 0.000000 0.000000 1.000000
0.994132 -0.099949 0.041377 -0.000000 0.100426 0.994898 -0.009615 14.652500 -0.040205 0.013714 0.999097 0.432500 0.000000 0.000000 0.000000 1.000000
0.995285 -0.086186 0.044498 0.000000 0.087564 0.995707 -0.030009 14.652500 -0.041721 0.033764 0.998559 0.432500 0.000000 0.000000 0.000000 1.000000
0.997126 -0.059070 0.047434 0.000000 0.061490 0.996789 -0.051296 14.652500 -0.044251 0.054065 0.997556 0.432500 0.000000 0.000000 0.000000 1.000000
0.997187 -0.055441 0.050432 -0.000000 0.060042 0.993682 -0.094822 14.652500 -0.044856 0.097584 0.994216 0.432500 0.000000 0.000000 0.000000 1.000000
0.993113 -0.093277 0.070898 -0.000000 0.103735 0.981321 -0.162012 14.652500 -0.054461 0.168250 0.984239 0.432500 0.000000 0.000000 0.000000 1.000000
0.986550 -0.129235 0.100087 -0.000000 0.146068 0.971837 -0.184922 14.652500 -0.073370 0.197055 0.977643 0.432500 0.000000 0.000000 0.000000 1.000000
0.983981 -0.134115 0.117454 -0.000000 0.155387 0.968159 -0.196271 14.652500 -0.087391 0.211378 0.973490 0.432500 0.000000 0.000000 0.000000 1.000000
0.978562 -0.158520 0.131480 0.000000 0.180833 0.966872 -0.180163 14.652500 -0.098564 0.200077 0.974810 0.432500 0.000000 0.000000 0.000000 1.000000
0.964682 -0.195951 0.176046 0.000000 0.217213 0.969816 -0.110792 14.652500 -0.149023 0.145118 0.978127 0.432500 0.000000 0.000000 0.000000 1.000000
0.968349 -0.146770 0.201886 0.000000 0.163003 0.984403 -0.066189 14.652500 -0.189023 0.097002 0.977170 0.432500 0.000000 0.000000 0.000000 1.000000
0.986965 -0.132989 0.090628 -0.000000 0.138475 0.988714 -0.057174 14.652500 -0.082001 0.068978 0.994242 0.432500 0.000000 0.000000 0.000000 1.000000
0.999587 -0.014158 0.025006 0.000000 0.014039 0.999889 0.004930 14.652500 -0.025073 -0.004577 0.999675 0.432500 0.000000 0.000000 0.000000 1.000000
0.992139 0.122378 0.026141 -0.000000 -0.122470 0.992470 0.001953 14.652500 -0.025705 -0.005139 0.999656 0.432500 0.000000 0.000000 0.000000 1.000000
0.978652 0.203988 0.025077 0.000000 -0.203705 0.978940 -0.013414 14.652500 -0.027285 0.008019 0.999596 0.432500 0.000000 0.000000 0.000000 1.000000
0.963833 0.265667 0.021142 0.000000 -0.265504 0.964056 -0.010191 14.652500 -0.023089 0.004209 0.999725 0.432500 0.000000 0.000000 0.000000 1.000000
0.961641 0.274090 0.011039 0.000000 -0.273870 0.961597 -0.018039 14.652500 -0.015559 0.014324 0.999776 0.432500 0.000000 0.000000 0.000000 1.000000
0.971918 0.235132 -0.009342 0.000000 -0.234846 0.971717 0.024771 14.652500 0.014902 -0.021881 0.999650 0.432500 0.000000 0.000000 0.000000 1.000000
0.981759 0.187621 -0.030770 0.000000 -0.183863 0.978096 0.097584 14.652500 0.048405 -0.090147 0.994751 0.432500 0.000000 0.000000 0.000000 1.000000
0.986169 0.161005 -0.039350 0.000000 -0.155670 0.981255 0.113603 14.652500 0.056903 -0.105907 0.992747 0.432500 0.000000 0.000000 0.000000 1.000000
0.988767 0.143547 -0.041643 0.000000 -0.138848 0.985293 0.099595 14.652500 0.055327 -0.092694 0.994156 0.432500 0.000000 0.000000 0.000000 1.000000
0.990253 0.133124 -0.040962 0.000000 -0.130414 0.989460 0.062935 14.652500 0.048909 -0.056980 0.997177 0.432500 0.000000 0.000000 0.000000 1.000000
0.991037 0.127297 -0.040521 0.000000 -0.126206 0.991596 0.028451 14.652500 0.043802 -0.023082 0.998774 0.432500 0.000000 0.000000 0.000000 1.000000
0.992781 0.112270 -0.042206 0.000000 -0.112682 0.993603 -0.007502 14.652500 0.041094 0.012204 0.999081 0.432500 0.000000 0.000000 0.000000 1.000000
0.994260 0.098314 -0.042214 0.000000 -0.100456 0.993581 -0.052018 14.652500 0.036829 0.055960 0.997754 0.432500 0.000000 0.000000 0.000000 1.000000
0.996401 0.076025 -0.037482 0.000000 -0.079468 0.991703 -0.101041 14.652500 0.029490 0.103656 0.994176 0.432500 0.000000 0.000000 0.000000 1.000000
0.998289 0.051466 -0.027751 -0.000000 -0.054758 0.989321 -0.135075 14.652500 0.020503 0.136364 0.990447 0.432500 0.000000 0.000000 0.000000 1.000000
0.999482 0.027368 -0.016928 0.000000 -0.029293 0.991532 -0.126516 14.652500 0.013322 0.126946 0.991820 0.432500 0.000000 0.000000 0.000000 1.000000
0.999690 0.023701 -0.007672 0.000000 -0.024290 0.995743 -0.088911 14.652500 0.005532 0.089070 0.996010 0.432500 0.000000 0.000000 0.000000 1.000000
0.999134 0.041600 0.000523 0.000000 -0.041533 0.998102 -0.045461 14.652500 -0.002413 0.045400 0.998966 0.432500 0.000000 0.000000 0.000000 1.000000
0.998583 0.052906 0.005649 0.000000 -0.052727 0.998208 -0.028279 14.652500 -0.007135 0.027941 0.999584 0.432500 0.000000 0.000000 0.000000 1.000000
0.998832 0.047634 0.008083 -0.000000 -0.047324 0.998267 -0.034970 14.652500 -0.009735 0.034547 0.999356 0.432500 0.000000 0.000000 0.000000 1.000000
0.999146 0.039962 0.010526 0.000000 -0.039410 0.998055 -0.048296 14.652500 -0.012436 0.047840 0.998778 0.432500 0.000000 0.000000 0.000000 1.000000
0.999442 0.031885 0.009999 0.000000 -0.031190 0.997506 -0.063323 14.652500 -0.011993 0.062976 0.997943 0.432500 0.000000 0.000000 0.000000 1.000000</float_array>
        <technique_common>
          <accessor source="#mixamorig_Spine-Matrix-animation-output-transform-array" count="72" stride="16">
            <param type="float4x4"/>
          </accessor>
        </technique_common>
      </source>
      <source id="mixamorig_Spine-Interpolations">
        <Name_array id="mixamorig_Spine-Interpolations-array" count="72">
 LINEAR LINEAR LINEAR LINEAR LINEAR LINEAR LINEAR LINEAR LINEAR LINEAR LINEAR
LINEAR LINEAR LINEAR LINEAR LINEAR LINEAR LINEAR LINEAR LINEAR LINEAR LINEAR LINEAR
LINEAR LINEAR LINEAR LINEAR LINEAR LINEAR LINEAR LINEAR LINEAR LINEAR LINEAR LINEAR
LINEAR LINEAR LINEAR LINEAR LINEAR LINEAR LINEAR LINEAR LINEAR LINEAR LINEAR LINEAR
LINEAR LINEAR LINEAR LINEAR LINEAR LINEAR LINEAR LINEAR LINEAR LINEAR LINEAR LINEAR
LINEAR LINEAR LINEAR LINEAR LINEAR LINEAR LINEAR LINEAR LINEAR LINEAR LINEAR LINEAR
LINEAR</Name_array>
        <technique_common>
          <accessor source="#mixamorig_Spine-Interpolations-array" count="72">
            <param type="name"/>
          </accessor>
        </technique_common>
      </source>
      <sampler id="mixamorig_Spine-Matrix-animation-transform">
        <input semantic="INPUT" source="#mixamorig_Spine-Matrix-animation-input"/>
        <input semantic="OUTPUT" source="#mixamorig_Spine-Matrix-animation-output-transform"/>
        <input semantic="INTERPOLATION" source="#mixamorig_Spine-Interpolations"/>
      </sampler>
      <channel source="#mixamorig_Spine-Matrix-animation-transform" target="mixamorig_Spine/matrix"/>
    </animation>
    <animation id="mixamorig_Spine1-anim" name="mixamorig_Spine1">
      <source id="mixamorig_Spine1-Matrix-animation-input">
        <float_array id="mixamorig_Spine1-Matrix-animation-input-array" count="72">

0.000000 0.033333 0.066667 0.100000 0.133333 0.166667 0.200000 0.233333 0.266667 0.300000 0.333333 0.366667 0.400000 0.433333 0.466667 0.500000
0.533333 0.566667 0.600000 0.633333 0.666667 0.700000 0.733333 0.766667 0.800000 0.833333 0.866667 0.900000 0.933333 0.966667 1.000000 1.033333
1.066667 1.100000 1.133333 1.166667 1.200000 1.233333 1.266667 1.300000 1.333333 1.366667 1.400000 1.433333 1.466667 1.500000 1.533333 1.566667
1.600000 1.633333 1.666667 1.700000 1.733333 1.766667 1.800000 1.833333 1.866667 1.900000 1.933333 1.966667 2.000000 2.033333 2.066667 2.100000
2.133333 2.166667 2.200000 2.233333 2.266667 2.300000 2.333333 2.366667</float_array>
        <technique_common>
          <accessor source="#mixamorig_Spine1-Matrix-animation-input-array" count="72">
            <param name="TIME" type="float"/>
          </accessor>
        </technique_common>
      </source>
      <source id="mixamorig_Spine1-Matrix-animation-output-transform">
        <float_array id="mixamorig_Spine1-Matrix-animation-output-transform-array" count="1152">

0.998759 0.049090 0.008374 0.000000 -0.047624 0.990693 -0.127515 10.372600 -0.014555 0.126958 0.991801 -0.000000 0.000000 0.000000 0.000000 1.000000
0.998182 0.058769 0.013411 -0.000000 -0.054448 0.974483 -0.217759 10.372600 -0.025866 0.216633 0.975910 0.000000 0.000000 0.000000 0.000000 1.000000
0.995227 0.092504 0.031098 0.000000 -0.083479 0.971990 -0.219695 10.372600 -0.050549 0.216051 0.975073 -0.000000 0.000000 0.000000 0.000000 1.000000
0.994782 0.095386 0.036193 0.000000 -0.087460 0.979984 -0.178837 10.372600 -0.052527 0.174738 0.983213 0.000000 0.000000 0.000000 0.000000 1.000000
0.997303 0.069636 0.023171 0.000000 -0.065927 0.988784 -0.134016 10.372600 -0.032244 0.132127 0.990708 0.000000 0.000000 0.000000 0.000000 1.000000
0.999925 0.010893 -0.005523 -0.000000 -0.011358 0.995631 -0.092685 10.372600 0.004489 0.092741 0.995680 -0.000000 0.000000 0.000000 0.000000 1.000000
0.999535 -0.026087 -0.015800 -0.000000 0.024727 0.996420 -0.080849 10.372600 0.017853 0.080420 0.996601 0.000000 0.000000 0.000000 0.000000 1.000000
0.998815 -0.044242 -0.020276 -0.000000 0.042601 0.996254 -0.075249 10.372600 0.023529 0.074296 0.996959 0.000000 0.000000 0.000000 0.000000 1.000000
0.998546 -0.050752 -0.018145 0.000000 0.049257 0.995963 -0.075041 10.372600 0.021881 0.074038 0.997015 0.000000 0.000000 0.000000 0.000000 1.000000
0.998594 -0.052454 -0.007694 0.000000 0.051732 0.995842 -0.074985 10.372600 0.011595 0.074482 0.997155 0.000000 0.000000 0.000000 0.000000 1.000000
0.998879 -0.047315 0.001085 0.000000 0.047257 0.995857 -0.077690 10.372600 0.002595 0.077654 0.996977 0.000000 0.000000 0.000000 0.000000 1.000000
0.999071 -0.041654 0.011090 0.000000 0.042399 0.996003 -0.078621 10.372600 -0.007771 0.079018 0.996843 0.000000 0.000000 0.000000 0.000000 1.000000
0.999142 -0.037522 0.017520 0.000000 0.038883 0.995602 -0.085228 10.372600 -0.014245 0.085836 0.996207 0.000000 0.000000 0.000000 0.000000 1.000000
0.998971 -0.039243 0.022751 0.000000 0.041218 0.994713 -0.094061 10.372600 -0.018939 0.094902 0.995306 0.000000 0.000000 0.000000 0.000000 1.000000
0.998806 -0.037808 0.030948 0.000000 0.041038 0.992928 -0.111403 10.372600 -0.026517 0.112540 0.993293 0.000000 0.000000 0.000000 0.000000 1.000000
0.998365 -0.042387 0.038341 0.000000 0.046801 0.991340 -0.122695 10.372600 -0.032808 0.124289 0.991704 0.000000 0.000000 0.000000 0.000000 1.000000
0.998068 -0.048318 0.039056 0.000000 0.053063 0.989918 -0.131326 10.372600 -0.032316 0.133144 0.990570 0.000000 0.000000 0.000000 0.000000 1.000000
0.997790 -0.049731 0.044066 0.000000 0.055679 0.987708 -0.146060 10.372600 -0.036261 0.148191 0.988294 -0.000000 0.000000 0.000000 0.000000 1.000000
0.997557 -0.050131 0.048659 0.000000 0.057387 0.985207 -0.161475 10.372600 -0.039844 0.163873 0.985677 0.000000 0.000000 0.000000 0.000000 1.000000
0.997412 -0.048058 0.053468 0.000000 0.056940 0.982121 -0.179435 10.372600 -0.043888 0.182015 0.982316 -0.000000 0.000000 0.000000 0.000000 1.000000
0.997421 -0.041578 0.058504 -0.000000 0.052250 0.979467 -0.194716 10.372600 -0.049207 0.197270 0.979113 0.000000 0.000000 0.000000 0.000000 1.000000
0.997388 -0.032200 0.064648 -0.000000 0.045050 0.977005 -0.208403 10.372600 -0.056451 0.210771 0.975904 -0.000000 0.000000 0.000000 0.000000 1.000000
0.997190 -0.020996 0.071906 0.000000 0.036458 0.974586 -0.221028 10.372600 -0.065438 0.223028 0.972613 0.000000 0.000000 0.000000 0.000000 1.000000
0.996597 -0.011044 0.081684 -0.000000 0.029977 0.971685 -0.234371 10.372600 -0.076783 0.236022 0.968709 0.000000 0.000000 0.000000 0.000000 1.000000
0.996274 0.005170 0.086089 0.000000 0.016169 0.969306 -0.245325 10.372600 -0.084714 0.245803 0.965611 0.000000 0.000000 0.000000 0.000000 1.000000
0.996069 0.027596 0.084169 0.000000 -0.005428 0.967463 -0.252953 10.372600 -0.088411 0.251501 0.963810 0.000000 0.000000 0.000000 0.000000 1.000000
0.995274 0.049438 0.083581 -0.000000 -0.025974 0.964875 -0.261423 10.372600 -0.093569 0.258017 0.961599 0.000000 0.000000 0.000000 0.000000 1.000000
0.994246 0.070025 0.081059 -0.000000 -0.046027 0.962594 -0.267009 10.372600 -0.096725 0.261742 0.960279 -0.000000 0.000000 0.000000 0.000000 1.000000
0.992923 0.091398 0.075833 -0.000000 -0.068045 0.961156 -0.267486 10.372600 -0.097335 0.260433 0.960573 0.000000 0.000000 0.000000 0.000000 1.000000
0.991344 0.109229 0.072850 0.000000 -0.086771 0.961479 -0.260822 10.372600 -0.098533 0.252243 0.962634 0.000000 0.000000 0.000000 0.000000 1.000000
0.990147 0.120757 0.070893 0.000000 -0.099553 0.963096 -0.250069 10.372600 -0.098475 0.240548 0.965629 0.000000 0.000000 0.000000 0.000000 1.000000
0.989660 0.123053 0.073701 0.000000 -0.102859 0.966959 -0.233259 10.372600 -0.099969 0.223266 0.969618 0.000000 0.000000 0.000000 0.000000 1.000000
0.989232 0.124858 0.076354 0.000000 -0.105482 0.969908 -0.219433 10.372600 -0.101454 0.209017 0.972635 0.000000 0.000000 0.000000 0.000000 1.000000
0.990175 0.114687 0.079998 -0.000000 -0.095761 0.973060 -0.209725 10.372600 -0.101895 0.200004 0.974482 0.000000 0.000000 0.000000 0.000000 1.000000
0.991818 0.097197 0.082768 -0.000000 -0.078664 0.975928 -0.203414 10.372600 -0.100547 0.195239 0.975588 0.000000 0.000000 0.000000 0.000000 1.000000
0.993763 0.077602 0.080079 0.000000 -0.059824 0.977052 -0.204426 10.372600 -0.094105 0.198360 0.975601 0.000000 0.000000 0.000000 0.000000 1.000000
0.995419 0.060921 0.073687 0.000000 -0.044584 0.977552 -0.205921 10.372600 -0.084578 0.201693 0.975790 0.000000 0.000000 0.000000 0.000000 1.000000
0.996655 0.047882 0.066230 0.000000 -0.033236 0.977823 -0.206781 10.372600 -0.074662 0.203888 0.976143 0.000000 0.000000 0.000000 0.000000 1.000000
0.997318 0.039376 0.061693 0.000000 -0.025686 0.977634 -0.208738 10.372600 -0.068533 0.206594 0.976024 0.000000 0.000000 0.000000 0.000000 1.000000
0.997678 0.027590 0.062275 0.000000 -0.014248 0.978595 -0.205302 10.372600 -0.066607 0.203938 0.976715 0.000000 0.000000 0.000000 0.000000 1.000000
0.997790 0.017132 0.064197 0.000000 -0.004456 0.981266 -0.192605 10.372600 -0.066294 0.191893 0.979174 0.000000 0.000000 0.000000 0.000000 1.000000
0.997810 0.011299 0.065168 -0.000000 0.000686 0.983477 -0.181030 10.372600 -0.066137 0.180679 0.981316 0.000000 0.000000 0.000000 0.000000 1.000000
0.998489 0.002657 0.054882 -0.000000 0.006784 0.985225 -0.171130 10.372600 -0.054526 0.171244 0.983719 0.000000 0.000000 0.000000 0.000000 1.000000
0.998287 -0.007577 0.058015 0.000000 0.017299 0.985472 -0.168952 10.372600 -0.055892 0.169667 0.983915 -0.000000 0.000000 0.000000 0.000000 1.000000
0.995989 0.004536 0.089358 -0.000000 0.010436 0.986008 -0.166372 10.372600 -0.088862 0.166637 0.982006 -0.000000 0.000000 0.000000 0.000000 1.000000
0.992797 0.025418 0.117077 0.000000 -0.005120 0.985343 -0.170508 10.372600 -0.119695 0.168680 0.978376 0.000000 0.000000 0.000000 0.000000 1.000000
0.988161 0.047606 0.145849 0.000000 -0.019760 0.982214 -0.186722 10.372600 -0.152144 0.181630 0.971526 0.000000 0.000000 0.000000 0.000000 1.000000
0.966872 0.014712 0.254838 0.000000 0.018318 0.991765 -0.126755 10.372600 -0.254605 0.127224 0.958640 0.000000 0.000000 0.000000 0.000000 1.000000
0.932097 -0.067941 0.355781 0.000000 0.074966 0.997168 -0.005976 10.372600 -0.354367 0.032242 0.934550 -0.000000 0.000000 0.000000 0.000000 1.000000
0.988998 -0.072544 0.128922 0.000000 0.086974 0.990111 -0.110071 10.372600 -0.119662 0.120073 0.985527 0.000000 0.000000 0.000000 0.000000 1.000000
0.996385 -0.083884 0.013422 0.000000 0.084894 0.988997 -0.121150 10.372600 -0.003112 0.121852 0.992543 0.000000 0.000000 0.000000 0.000000 1.000000
0.996488 -0.080805 -0.021938 0.000000 0.078396 0.992433 -0.094507 10.372600 0.029409 0.092455 0.995282 0.000000 0.000000 0.000000 0.000000 1.000000
0.994477 -0.093248 -0.048179 0.000000 0.088979 0.992466 -0.084228 10.372600 0.055670 0.079476 0.995281 0.000000 0.000000 0.000000 0.000000 1.000000
0.990673 -0.116821 -0.070144 0.000000 0.108833 0.988114 -0.108565 10.372600 0.081993 0.099918 0.991612 0.000000 0.000000 0.000000 0.000000 1.000000
0.986839 -0.134147 -0.090300 0.000000 0.118675 0.980106 -0.159085 10.372600 0.109845 0.146275 0.983127 0.000000 0.000000 0.000000 0.000000 1.000000
0.984892 -0.137238 -0.105608 0.000000 0.113278 0.971863 -0.206518 10.372600 0.130979 0.191435 0.972727 0.000000 0.000000 0.000000 0.000000 1.000000
0.985555 -0.130675 -0.107729 0.000000 0.101672 0.965258 -0.240708 10.372600 0.135441 0.226278 0.964601 0.000000 0.000000 0.000000 0.000000 1.000000
0.988025 -0.121837 -0.094670 0.000000 0.094518 0.962897 -0.252777 10.372600 0.121955 0.240802 0.962882 0.000000 0.000000 0.000000 0.000000 1.000000
0.989947 -0.115674 -0.081391 -0.000000 0.091781 0.963209 -0.252598 10.372600 0.107616 0.242588 0.964142 0.000000 0.000000 0.000000 0.000000 1.000000
0.991400 -0.110709 -0.069786 0.000000 0.089966 0.963817 -0.250925 10.372600 0.095040 0.242489 0.965488 0.000000 0.000000 0.000000 0.000000 1.000000
0.992632 -0.103556 -0.062908 -0.000000 0.084852 0.964728 -0.249198 10.372600 0.086496 0.242024 0.966407 -0.000000 0.000000 0.000000 0.000000 1.000000
0.993523 -0.095400 -0.061738 0.000000 0.078060 0.967803 -0.239300 10.372600 0.082579 0.232931 0.968981 -0.000000 0.000000 0.000000 0.000000 1.000000
0.994258 -0.088842 -0.059645 0.000000 0.073398 0.971818 -0.224015 10.372600 0.077866 0.218351 0.972759 -0.000000 0.000000 0.000000 0.000000 1.000000
0.994751 -0.089023 -0.050458 0.000000 0.076776 0.975298 -0.207120 10.372600 0.067649 0.202159 0.977014 -0.000000 0.000000 0.000000 0.000000 1.000000
0.995111 -0.092178 -0.035466 -0.000000 0.083935 0.978534 -0.188216 10.372600 0.052054 0.184319 0.981487 0.000000 0.000000 0.000000 0.000000 1.000000
0.996055 -0.086834 -0.018305 0.000000 0.082417 0.981643 -0.172001 10.372600 0.032904 0.169814 0.984927 0.000000 0.000000 0.000000 0.000000 1.000000
0.996750 -0.080502 -0.002835 0.000000 0.079045 0.984270 -0.158004 10.372600 0.015510 0.157266 0.987434 -0.000000 0.000000 0.000000 0.000000 1.000000
0.996719 -0.080128 0.011436 0.000000 0.080940 0.986202 -0.144414 10.372600 0.000294 0.144866 0.989451 0.000000 0.000000 0.000000 0.000000 1.000000
0.996549 -0.080696 0.019440 0.000000 0.082620 0.986878 -0.138732 10.372600 -0.007990 0.139860 0.990139 0.000000 0.000000 0.000000 0.000000 1.000000
0.996534 -0.080257 0.021903 -0.000000 0.082487 0.987425 -0.134864 10.372600 -0.010804 0.136204 0.990622 0.000000 0.000000 0.000000 0.000000 1.000000
0.996664 -0.077902 0.024328 -0.000000 0.080381 0.988581 -0.127464 10.372600 -0.014121 0.128994 0.991545 -0.000000 0.000000 0.000000 0.000000 1.000000
0.997136 -0.072365 0.021994 -0.000000 0.074498 0.989922 -0.120432 10.372600 -0.013057 0.121726 0.992478 0.000000 0.000000 0.000000 0.000000 1.000000</float_array>
        <technique_common>
          <accessor source="#mixamorig_Spine1-Matrix-animation-output-transform-array" count="72" stride="16">
            <param type="float4x4"/>
          </accessor>
        </technique_common>
      </source>
      <source id="mixamorig_Spine1-Interpolations">
        <Name_array id="mixamorig_Spine1-Interpolations-array" count="72">
